time (s)	energy (uJ)	charge (mC)	voltage (mV)	crossing#mod 255
20747.290080	28.772621	0.003724	7.727201	174
20748.314076	29.880308	0.003724	8.023688	175
20749.378815	29.215879	0.003723	7.847195	176
20750.401024	30.511618	0.003724	8.192394	177
20751.466081	29.213392	0.003717	7.859210	178
20752.489291	30.422161	0.003735	8.144750	179
20753.549733	28.750841	0.003726	7.716227	180
20754.579334	30.279648	0.003712	8.156447	181
20755.637348	28.954937	0.003732	7.757976	182
20756.661439	30.536478	0.003769	8.102857	183
20757.721956	29.294075	0.003730	7.853075	184
20758.745947	30.100914	0.003718	8.096897	185
20759.808963	28.614023	0.003730	7.670823	186
20760.834958	30.097923	0.003732	8.064852	187
20761.896975	29.059317	0.003732	7.786072	188
20762.924993	30.666136	0.003728	8.226756	189
20763.984998	29.114325	0.003738	7.788733	190
20765.006933	30.298250	0.003726	8.131467	191
20766.071028	29.791904	0.003770	7.902329	192
20767.095081	30.526939	0.003732	8.180255	193
20768.155661	29.353634	0.003750	7.827886	194
20769.180778	30.229469	0.003723	8.119922	195
20770.241618	28.691689	0.003726	7.699510	196
20771.265644	30.616682	0.003727	8.215404	197
20772.329717	29.171993	0.003753	7.773384	198
20773.352109	30.044529	0.003720	8.076763	199
20774.419028	28.965532	0.003709	7.808801	200
20775.439827	30.383272	0.003724	8.158185	201
20776.504245	28.999935	0.003729	7.777826	202
20777.528242	30.545788	0.003720	8.212297	203
20778.592721	28.874422	0.003723	7.756663	204
20779.612712	30.004055	0.003727	8.049429	205
20780.674528	28.830864	0.003724	7.742031	206
20781.698545	29.981297	0.003719	8.061934	207
20782.762736	29.281349	0.003740	7.828498	208
20783.788750	30.340588	0.003726	8.143237	209
20784.848282	28.914827	0.003727	7.757914	210
20785.873669	30.336592	0.003745	8.101523	211
20786.934127	28.955385	0.003729	7.765342	212
20787.960129	30.421663	0.003737	8.140039	213
20789.022025	29.285765	0.003729	7.854281	214
20790.046009	30.387840	0.003726	8.156636	215
20791.108116	29.068037	0.003737	7.778231	216
20792.132123	30.268368	0.003737	8.099522	217
20793.193956	29.044453	0.003727	7.792081	218
20794.217967	30.014053	0.003723	8.061982	219
20795.284207	57.889996	0.003732	15.512762	220
20796.306207	30.369209	0.003734	8.132444	221
20797.370302	28.976250	0.003725	7.778092	222
20798.392322	30.483305	0.003746	8.138508	223
20799.452299	28.891960	0.003727	7.752294	224
20800.478366	30.389536	0.003728	8.151371	225
20801.540451	29.179018	0.003737	7.807817	226
20802.566473	30.186136	0.003729	8.094370	227
20803.626999	29.132166	0.003740	7.789924	228
20804.651094	30.501051	0.003745	8.144132	229
20805.713391	29.101448	0.003724	7.814097	230
20806.737413	30.174772	0.003722	8.107969	231
20807.802462	29.105137	0.003719	7.826990	232
20808.823735	30.915466	0.003734	8.279727	233
20809.887788	28.995705	0.003739	7.755364	234
20810.911827	30.408144	0.003736	8.139201	235
20811.973885	29.030933	0.003727	7.789694	236
20812.997893	30.374067	0.003725	8.154589	237
20814.062015	29.180574	0.003735	7.812477	238
20815.082466	30.145041	0.003735	8.071707	239
20816.146974	28.993164	0.003744	7.743249	240
20817.171023	30.451145	0.003734	8.155741	241
20818.233532	29.087524	0.003737	7.784424	242
20819.257562	30.437000	0.003736	8.147486	243
20820.319501	28.962292	0.003731	7.763228	244
20821.345653	30.554459	0.003729	8.193135	245
20822.407709	28.924091	0.003715	7.786542	246
20823.430236	30.115196	0.003728	8.077536	247
20824.491108	29.021332	0.003723	7.794347	248
20825.517187	30.419954	0.003736	8.142189	249
20826.579669	28.910503	0.003728	7.754762	250
20827.603743	30.302526	0.003741	8.100363	251
20828.667760	29.134235	0.003731	7.809669	252
20829.690350	30.526812	0.003751	8.138896	253
20830.753297	29.100245	0.003726	7.810336	254
20831.775769	30.227661	0.003728	8.107316	255
20832.839851	29.085617	0.003735	7.787571	0
20833.863893	30.322899	0.003741	8.104523	1
20834.926662	29.140665	0.003715	7.844283	2
20835.947804	30.147671	0.003726	8.091054	3
20837.013940	29.140926	0.003721	7.831817	4
20838.034416	30.168205	0.003724	8.101652	5
20839.100516	29.005964	0.003721	7.794691	6
20840.125063	42.350758	0.003715	11.398608	7
20841.185622	29.978386	0.003747	8.001261	8
20842.209690	30.956728	0.003768	8.215955	9
20843.273664	29.254736	0.003739	7.823941	10
20844.295542	30.329386	0.003727	8.138294	11
20845.355699	28.927603	0.003731	7.753543	12
20846.383702	30.446295	0.003738	8.145143	13
20847.443461	28.815128	0.003721	7.743094	14
20848.470594	30.579731	0.003743	8.169277	15
20849.530377	28.958597	0.003728	7.768715	16
20850.557513	30.450563	0.003739	8.143465	17
20851.617264	29.184528	0.003728	7.827427	18
20852.643590	30.579832	0.003746	8.163893	19
20853.701495	28.853279	0.003730	7.735607	20
20854.727912	30.379139	0.003741	8.120747	21
20855.792532	29.032322	0.003710	7.824975	22
20856.814963	30.211216	0.003722	8.116718	23
20857.875066	29.022600	0.003732	7.775865	24
20858.903111	30.399883	0.003729	8.153314	25
20859.962506	28.853924	0.003724	7.747229	26
20860.987629	29.990437	0.003729	8.041951	27
20862.049513	29.095421	0.003729	7.803083	28
20863.073510	30.098167	0.003723	8.084903	29
20864.137581	29.406006	0.003738	7.867791	30
20865.161610	30.490053	0.003734	8.165580	31
20866.221472	29.029190	0.003728	7.786653	32
20867.247495	30.280691	0.003724	8.131396	33
20868.309660	29.257832	0.003734	7.835206	34
20869.335728	30.439465	0.003725	8.170747	35
20870.396276	29.573229	0.003772	7.841210	36
20871.420303	30.668970	0.003734	8.213593	37
20872.484306	29.179588	0.003728	7.828187	38
20873.508751	30.630648	0.003742	8.186543	39
20874.568720	29.437199	0.003727	7.897992	40
20875.592744	30.261307	0.003725	8.124296	41
20876.656809	29.269405	0.003735	7.836706	42
20877.682814	30.480656	0.003728	8.175074	43
20878.740990	28.913719	0.003729	7.753726	44
20879.767729	30.517891	0.003734	8.173307	45
20880.827734	29.520269	0.003748	7.876512	46
20881.851651	30.239084	0.003726	8.115009	47
20882.917787	29.140163	0.003735	7.802584	48
20883.940714	30.343309	0.003730	8.134912	49
20885.004728	29.491240	0.003747	7.871464	50
20886.027248	30.496122	0.003736	8.163621	51
20887.089205	29.412493	0.003741	7.862703	52
20888.113207	30.458088	0.003741	8.141387	53
20889.174111	29.312061	0.003752	7.812571	54
20890.198160	30.383678	0.003738	8.127774	55
20891.260062	28.907700	0.003711	7.789433	56
20892.284103	30.251812	0.003731	8.107376	57
20893.348493	29.193228	0.003751	7.782939	58
20894.373834	30.430471	0.003721	8.178527	59
20895.435160	29.295527	0.003745	7.823020	60
20896.459185	30.406738	0.003729	8.155055	61
20897.523736	29.250467	0.003722	7.859665	62
20898.544629	30.365805	0.003729	8.144000	63
20899.609277	29.515236	0.003762	7.846466	64
20900.631231	30.372540	0.003732	8.137469	65
20901.695001	29.184404	0.003722	7.840570	66
20902.716914	30.249514	0.003721	8.129041	67
20903.779313	29.169071	0.003745	7.787778	68
20904.803256	30.278872	0.003730	8.116922	69
20905.867310	29.218826	0.003734	7.824203	70
20906.891320	31.237446	0.003742	8.346763	71
20907.953287	29.100559	0.003726	7.809863	72
20908.977658	30.306957	0.003727	8.132237	73
20910.040294	29.023689	0.003728	7.785752	74
20911.064309	30.351086	0.003727	8.143303	75
20912.126418	29.345953	0.003749	7.828131	76
20913.150452	30.553108	0.003742	8.164504	77
20914.212294	29.084978	0.003728	7.802600	78
20915.238327	30.440691	0.003727	8.167461	79
20916.300522	29.257040	0.003735	7.832837	80
20917.322494	30.333530	0.003731	8.130068	81
20918.388596	29.584555	0.003725	7.941927	82
20919.409722	30.419239	0.003729	8.158350	83
20920.472670	29.377234	0.003731	7.873834	84
20921.496614	30.402874	0.003732	8.146873	85
20922.558677	29.341845	0.003756	7.811597	86
20923.584704	30.575428	0.003745	8.163605	87
20924.644633	29.076563	0.003725	7.804797	88
20925.670548	30.241076	0.003726	8.116297	89
20926.732791	29.278816	0.003733	7.842669	90
20927.756811	30.346296	0.003733	8.129879	91
20928.819331	29.205801	0.003737	7.814354	92
20929.844238	30.469810	0.003733	8.162348	93
20930.908813	29.403555	0.003737	7.868702	94
20931.932819	30.464737	0.003719	8.192634	95
20932.993350	29.379976	0.003748	7.838801	96
20934.017380	30.575624	0.003741	8.172340	97
20935.077272	28.958160	0.003726	7.771628	98
20936.105219	30.361294	0.003711	8.180999	99
20937.163367	28.980654	0.003751	7.726650	100
20938.187838	31.034235	0.003727	8.326239	101
20939.251878	29.290144	0.003739	7.834599	102
20940.275880	30.850349	0.003747	8.233211	103
20941.337787	29.043577	0.003717	7.813098	104
20942.361881	30.397621	0.003729	8.151428	105
20943.425964	29.652838	0.003779	7.846020	106
20944.449967	30.588648	0.003743	8.173305	107
20945.511972	29.255968	0.003745	7.811588	108
20946.535843	30.639347	0.003755	8.158683	109
20947.595914	28.915354	0.003738	7.735559	110
20948.620711	30.312540	0.003729	8.128091	111
20949.684904	29.231058	0.003740	7.816034	112
20950.708969	30.490692	0.003743	8.145568	113
20951.773900	29.204506	0.003720	7.851261	114
20952.793829	29.987608	0.003719	8.063210	115
20953.855384	28.932091	0.003724	7.769473	116
20954.883878	30.563120	0.003731	8.191623	117
20955.941883	29.055984	0.003733	7.784551	118
20956.969957	30.559793	0.003737	8.178124	119
20958.028447	28.934448	0.003732	7.753370	120
20959.056473	30.471457	0.003729	8.170976	121
20960.116238	29.020002	0.003726	7.789059	122
20961.141013	30.346546	0.003733	8.128208	123
20962.203973	29.312063	0.003739	7.839979	124
20963.227999	30.664001	0.003753	8.169817	125
20964.292064	29.196297	0.003738	7.810756	126
20965.314636	30.450554	0.003739	8.143946	127
20966.374550	29.425507	0.003729	7.890728	128
20967.398570	30.260513	0.003730	8.111789	129
20968.462706	29.340467	0.003751	7.821546	130
20969.486731	30.536489	0.003742	8.159813	131
20970.548603	28.987221	0.003727	7.777023	132
20971.572511	30.625469	0.003731	8.209348	133
20972.635115	29.093426	0.003732	7.794712	134
20973.661180	30.419714	0.003732	8.150999	135
20974.723728	29.272408	0.003731	7.845402	136
20975.750669	30.427425	0.003726	8.165378	137
20976.808291	28.903435	0.003725	7.758786	138
20977.833134	30.657848	0.003730	8.219961	139
20978.897252	29.096344	0.003723	7.815200	140
20979.921212	30.343815	0.003728	8.139011	141
20980.981040	29.026342	0.003730	7.782560	142
20982.007719	30.765888	0.003757	8.189112	143
20983.067687	29.092283	0.003730	7.799313	144
20984.091694	30.627047	0.003728	8.214688	145
20985.155786	29.263384	0.003739	7.825642	146
20986.179824	30.652233	0.003751	8.171988	147
20987.241831	29.143015	0.003729	7.816052	148
20988.265747	30.335344	0.003725	8.143630	149
20989.327815	29.267401	0.003741	7.823323	150
20990.351831	30.574970	0.003756	8.141311	151
20991.415873	29.261860	0.003734	7.836730	152
20992.438412	30.483545	0.003743	8.144392	153
20993.500364	29.101433	0.003732	7.798060	154
20994.524369	30.249447	0.003725	8.120243	155
20995.590491	29.653833	0.003745	7.918159	156
20996.610935	30.261299	0.003729	8.115026	157
20997.675045	29.367336	0.003757	7.816632	158
20998.701557	30.525129	0.003722	8.200256	159
20999.760099	29.281197	0.003748	7.812280	160
21000.786158	30.538292	0.003739	8.167702	161
21001.845844	28.951132	0.003724	7.774976	162
21002.870811	30.376778	0.003733	8.137020	163
21003.932745	29.327951	0.003727	7.869074	164
21004.958841	30.428764	0.003736	8.143870	165
21006.019718	29.070332	0.003727	7.800693	166
21007.043724	30.255775	0.003726	8.119218	167
21008.108379	28.953476	0.003709	7.805570	168
21009.130776	30.313868	0.003727	8.133705	169
21010.192880	29.375793	0.003750	7.833387	170
21011.218906	30.479149	0.003725	8.182352	171
21012.279454	29.245869	0.003735	7.829735	172
21013.305465	30.550655	0.003743	8.162244	173
21014.367478	29.066305	0.003720	7.814181	174
21015.392013	30.555803	0.003727	8.198795	175
21016.451993	29.155750	0.003737	7.801407	176
21017.480084	30.506676	0.003735	8.168791	177
21018.540602	29.213848	0.003733	7.824875	178
21019.563064	30.109409	0.003712	8.112023	179
21020.627182	29.293905	0.003741	7.830834	180
21021.653189	30.539238	0.003728	8.191876	181
21022.713209	29.245277	0.003739	7.821467	182
21023.735076	30.174759	0.003737	8.074184	183
21024.798259	29.226021	0.003743	7.807361	184
21025.822133	30.258173	0.003725	8.121967	185
21026.886314	29.392965	0.003753	7.831027	186
21027.908306	30.347654	0.003736	8.123858	187
21028.975181	29.570711	0.003719	7.950884	188
21029.995922	30.265333	0.003733	8.106707	189
21031.058780	29.169832	0.003730	7.821255	190
21032.082715	30.601259	0.003756	8.148137	191
21033.148259	29.331020	0.003723	7.877596	192
21034.167378	30.245728	0.003727	8.114862	193
21035.231470	29.231205	0.003744	7.807119	194
21036.255493	30.339226	0.003741	8.110346	195
21037.317419	29.114750	0.003732	7.801091	196
21038.343536	30.490738	0.003732	8.170223	197
21039.403991	29.110046	0.003732	7.800035	198
21040.428003	30.173330	0.003731	8.087573	199
21041.492061	29.263517	0.003752	7.798951	200
21042.516014	30.478338	0.003736	8.157468	201
21043.581272	29.174417	0.003722	7.837383	202
21044.602299	30.299307	0.003726	8.131808	203
21045.664456	29.388329	0.003756	7.823639	204
21046.686435	30.438311	0.003749	8.118888	205
21047.752513	29.122036	0.003740	7.787271	206
21048.775086	30.688894	0.003770	8.140601	207
21049.836967	29.308445	0.003731	7.855247	208
21050.860988	30.273762	0.003728	8.120511	209
21051.925182	29.295858	0.003749	7.814324	210
21052.949208	30.768755	0.003764	8.174642	211
21054.013215	29.124687	0.003720	7.828179	212
21055.034804	31.166458	0.003728	8.361017	213
21056.095185	29.658186	0.003731	7.950099	214
21057.125249	30.499914	0.003723	8.191220	215
21058.183852	29.337036	0.003745	7.833791	216
21059.209909	31.015131	0.003776	8.214259	217
21060.271953	29.232487	0.003741	7.813621	218
21061.298509	30.522415	0.003726	8.192564	219
21062.359018	29.174562	0.003727	7.826987	220
21063.381012	30.734922	0.003742	8.213224	221
21064.440952	29.002197	0.003731	7.772521	222
21065.469018	30.441639	0.003747	8.123270	223
21066.529029	29.283716	0.003743	7.822774	224
21067.555025	30.459496	0.003747	8.127997	225
21068.614946	29.067463	0.003734	7.785334	226
21069.638962	30.696426	0.003731	8.228446	227
21070.703096	29.493328	0.003766	7.830587	228
21071.727141	30.595978	0.003746	8.168454	229
21072.788843	28.982784	0.003723	7.785829	230
21073.812979	30.415943	0.003726	8.164141	231
21074.875257	29.813862	0.003731	7.990785	232
21075.899261	30.681086	0.003734	8.217072	233
21076.963346	29.201225	0.003744	7.799131	234
21077.986200	30.720680	0.003736	8.223539	235
21079.048341	29.195709	0.003753	7.779961	236
21080.074317	30.202522	0.003724	8.109189	237
21081.134562	28.911091	0.003731	7.748141	238
21082.161446	30.433905	0.003738	8.142543	239
21083.221313	29.138092	0.003737	7.797532	240
21084.245262	30.235823	0.003718	8.131598	241
21085.309509	29.305626	0.003744	7.827496	242
21086.331511	30.309347	0.003746	8.090112	243
21087.395078	29.006363	0.003719	7.798494	244
21088.419321	30.182777	0.003727	8.099397	245
21089.483116	28.939554	0.003711	7.798742	246
21090.508059	30.438557	0.003730	8.161087	247
21091.568094	29.268354	0.003748	7.808631	248
21092.593478	30.280342	0.003720	8.139865	249
21093.654698	29.192177	0.003736	7.813098	250
21094.678742	30.787874	0.003753	8.203711	251
21095.743521	29.154062	0.003721	7.834265	252
21096.765658	30.327143	0.003739	8.111228	253
21097.827574	29.198343	0.003732	7.823658	254
21098.851588	30.378368	0.003733	8.138316	255
21099.915745	29.383448	0.003744	7.849007	0
21100.939750	31.799669	0.003754	8.471053	1
21101.999599	28.976530	0.003729	7.771475	2
21103.024282	30.534243	0.003748	8.146363	3
21104.088326	29.215446	0.003734	7.824468	4
21105.110236	30.116554	0.003727	8.080647	5
21106.173169	29.169037	0.003734	7.811834	6
21107.200023	30.351685	0.003716	8.166767	7
21108.261248	29.413109	0.003762	7.818578	8
21109.285243	30.477276	0.003741	8.146170	9
21110.345104	28.872812	0.003728	7.744008	10
21111.371124	30.285902	0.003734	8.111734	11
21112.431675	28.954763	0.003716	7.791806	12
21113.457835	30.419142	0.003728	8.160438	13
21114.518323	29.089724	0.003739	7.780400	14
21115.544402	30.436277	0.003734	8.150270	15
21116.606949	29.681086	0.003791	7.829041	16
21117.633532	30.554850	0.003722	8.210038	17
21118.695551	29.160116	0.003725	7.828192	18
21119.717541	30.382921	0.003736	8.132836	19
21120.779446	29.548355	0.003735	7.910529	20
21121.803458	30.478817	0.003736	8.158950	21
21122.867559	29.117842	0.003722	7.822241	22
21123.890441	30.326733	0.003730	8.130255	23
21124.954584	29.257626	0.003731	7.841907	24
21125.977111	30.430140	0.003733	8.151935	25
21127.039643	43.843155	0.003744	11.711200	26
21128.063660	30.591030	0.003749	8.159816	27
21129.125334	29.170261	0.003727	7.825981	28
21130.149337	30.382389	0.003729	8.147964	29
21131.211661	29.120554	0.003737	7.792007	30
21132.235690	30.287531	0.003739	8.100903	31
21133.297733	29.269049	0.003761	7.781257	32
21134.323713	30.506090	0.003744	8.148216	33
21135.387701	29.254707	0.003728	7.847517	34
21136.410769	30.160440	0.003713	8.122707	35
21137.471752	29.198309	0.003739	7.808869	36
21138.495750	31.174452	0.003742	8.331469	37
21139.557666	28.912748	0.003730	7.750831	38
21140.582627	31.334099	0.003742	8.373561	39
21141.644562	28.996868	0.003729	7.775672	40
21142.668501	30.212080	0.003721	8.119039	41
21143.734326	29.038538	0.003721	7.804095	42
21144.757430	30.576353	0.003735	8.186536	43
21145.817653	29.336351	0.003768	7.785410	44
21146.843636	37.972813	0.003743	10.146310	45
21147.903451	29.112219	0.003729	7.806233	46
21148.929659	30.397345	0.003736	8.136213	47
21149.989649	29.067244	0.003736	7.781027	48
21151.016621	30.439676	0.003738	8.144106	49
21152.079132	29.234150	0.003731	7.835056	50
21153.101203	30.668625	0.003738	8.204000	51
21154.163649	28.917358	0.003719	7.775862	52
21155.187596	30.375822	0.003736	8.130376	53
21156.249720	29.279602	0.003747	7.813868	54
21157.273774	30.528700	0.003745	8.150993	55
21158.335711	29.114925	0.003740	7.785184	56
21159.359792	30.454502	0.003745	8.131837	57
21160.427778	29.422043	0.003748	7.850618	58
21161.446283	30.345421	0.003733	8.128178	59
21162.513116	29.180119	0.003722	7.839288	60
21163.534887	30.626707	0.003751	8.165666	61
21164.596704	29.300388	0.003734	7.846547	62
21165.622986	30.651297	0.003730	8.218477	63
21166.683054	61.767895	0.003774	16.365253	64
21167.705018	30.209524	0.003731	8.096447	65
21168.769070	29.315203	0.003752	7.814036	66
21169.793099	30.327227	0.003743	8.103299	67
21170.857578	29.205269	0.003738	7.813730	68
21171.882066	30.724083	0.003741	8.213675	69
21172.942334	29.373497	0.003729	7.876275	70
21173.968689	30.712416	0.003760	8.168559	71
21175.033277	29.405611	0.003731	7.881196	72
21176.053834	30.462400	0.003729	8.168080	73
21177.113815	29.305651	0.003756	7.802201	74
21178.139830	30.702576	0.003734	8.223140	75
21179.201927	29.402176	0.003761	7.818601	76
21180.225913	30.662819	0.003766	8.143084	77
21181.289935	29.134012	0.003728	7.815717	78
21182.314482	30.474218	0.003737	8.153638	79
21183.376523	29.370724	0.003754	7.823106	80
21184.398444	30.191065	0.003723	8.108371	81
21185.462542	29.314535	0.003743	7.831971	82
21186.486555	30.440344	0.003745	8.129288	83
21187.549519	29.134092	0.003724	7.823291	84
21188.575539	30.657972	0.003741	8.194098	85
21189.633296	29.093546	0.003735	7.789732	86
21190.659491	30.383177	0.003725	8.155850	87
21191.719599	29.182018	0.003743	7.796344	88
21192.745657	30.530539	0.003739	8.165627	89
21193.809708	29.258499	0.003731	7.841656	90
21194.833715	30.482901	0.003734	8.164033	91
21195.893632	28.986246	0.003734	7.763249	92
21196.918062	30.440359	0.003733	8.154265	93
21197.980212	31.740223	0.003748	8.467952	94
21199.008243	30.641544	0.003726	8.224030	95
21200.066774	29.266184	0.003751	7.802241	96
21201.092800	30.603174	0.003742	8.178909	97
21202.154842	29.142448	0.003728	7.816587	98
21203.176730	30.199137	0.003731	8.095067	99
21204.239688	29.084040	0.003737	7.783677	100
21205.263651	30.383043	0.003744	8.116156	101
21206.327267	29.327457	0.003748	7.824455	102
21207.353308	30.502825	0.003730	8.177949	103
21208.417843	29.233568	0.003722	7.853423	104
21209.437669	30.431604	0.003730	8.158505	105
21210.497855	29.040668	0.003736	7.773803	106
21211.521897	30.332108	0.003743	8.104334	107
21212.584961	29.394999	0.003738	7.864622	108
21213.611995	30.762358	0.003760	8.181785	109
21214.671962	29.182226	0.003739	7.805270	110
21215.695952	30.359995	0.003736	8.126371	111
21216.760082	29.288788	0.003741	7.828577	112
21217.788178	30.432547	0.003718	8.184914	113
21218.846708	29.581375	0.003743	7.904011	114
21219.870730	30.588531	0.003750	8.156605	115
21220.930695	29.075668	0.003737	7.779554	116
21221.954729	30.123474	0.003735	8.064210	117
21223.019767	29.339743	0.003758	7.807722	118
21224.041706	30.718679	0.003732	8.231341	119
21225.105888	29.194216	0.003738	7.810217	120
21226.128402	30.327791	0.003729	8.132703	121
21227.194473	29.187912	0.003723	7.840205	122
21228.218987	30.399181	0.003727	8.156014	123
21229.279494	29.465162	0.003759	7.839155	124
21230.303518	31.180317	0.003770	8.269947	125
21231.367501	29.271273	0.003730	7.847335	126
21232.389451	30.443562	0.003727	8.168427	127
21233.450043	29.036554	0.003727	7.791463	128
21234.476070	30.387562	0.003732	8.142267	129
21235.538169	29.253098	0.003742	7.817408	130
21236.564198	30.349539	0.003733	8.129376	131
21237.624287	29.097851	0.003728	7.805052	132
21238.648306	30.444466	0.003729	8.164514	133
21239.710552	29.036043	0.003720	7.805432	134
21240.734604	30.158819	0.003734	8.075799	135
21241.796663	29.201765	0.003747	7.793427	136
21242.824698	30.585136	0.003738	8.183160	137
21243.883004	29.428539	0.003728	7.893792	138
21244.906978	30.343956	0.003733	8.129580	139
21245.971272	29.222406	0.003736	7.820893	140
21246.997285	30.490732	0.003724	8.186610	141
21248.057819	29.364763	0.003755	7.820540	142
21249.081826	30.296410	0.003739	8.102739	143
21250.146346	29.357487	0.003745	7.839715	144
21251.170904	30.509932	0.003724	8.192331	145
21252.233396	29.312340	0.003728	7.861969	146
21253.257441	30.441967	0.003724	8.173771	147
21254.317975	29.230692	0.003736	7.824261	148
21255.342476	30.603659	0.003746	8.170756	149
21256.402357	29.561308	0.003734	7.917209	150
21257.426552	30.038019	0.003723	8.068669	151
21258.488500	29.438416	0.003749	7.853149	152
21259.514539	30.438366	0.003740	8.138700	153
21260.578550	29.498692	0.003763	7.838208	154
21261.603085	30.578558	0.003732	8.192978	155
21262.663663	29.351261	0.003755	7.817258	156
21263.688248	35.124840	0.003760	9.340521	157
21264.748008	29.157852	0.003733	7.810174	158
21265.774069	30.384832	0.003740	8.124731	159
21266.837604	29.247948	0.003732	7.837153	160
21267.860767	30.477345	0.003735	8.160879	161
21268.922847	29.383522	0.003752	7.830951	162
21269.946907	32.670307	0.003747	8.720212	163
21271.011839	29.255455	0.003727	7.849958	164
21272.032300	30.214760	0.003721	8.120532	165
21273.096413	29.263615	0.003740	7.825166	166
21274.120375	30.619864	0.003743	8.181354	167
21275.180324	29.015450	0.003733	7.773008	168
21276.206302	30.180454	0.003721	8.111642	169
21277.268459	29.160011	0.003737	7.802473	170
21278.292467	30.711086	0.003757	8.173619	171
21279.354334	29.070246	0.003733	7.788021	172
21280.383111	30.668848	0.003732	8.217364	173
21281.441041	29.106884	0.003731	7.800392	174
21282.465076	30.214027	0.003732	8.096788	175
21283.529156	29.271612	0.003745	7.815673	176
21284.553183	30.585976	0.003744	8.169069	177
21285.619221	29.206867	0.003723	7.845615	178
21286.639047	30.468166	0.003733	8.161114	179
21287.703273	29.453800	0.003754	7.846419	180
21288.727337	30.568985	0.003738	8.176957	181
21289.787868	29.552326	0.003759	7.862012	182
21290.811891	30.299713	0.003720	8.144801	183
21291.874447	29.296593	0.003746	7.820029	184
21292.898476	30.551029	0.003741	8.167082	185
21293.961425	29.293468	0.003745	7.821657	186
21294.985931	30.594593	0.003736	8.188486	187
21296.047351	29.006029	0.003720	7.796695	188
21297.072516	30.600929	0.003754	8.151627	189
21298.132404	29.059994	0.003729	7.792711	190
21299.156416	30.232906	0.003727	8.111943	191
21300.220537	29.359938	0.003755	7.819181	192
21301.244424	30.388521	0.003737	8.131499	193
21302.308586	29.336851	0.003750	7.822708	194
21303.331094	30.450727	0.003745	8.131754	195
21304.392991	29.033390	0.003735	7.773089	196
21305.416955	30.217062	0.003722	8.118212	197
21306.481184	29.500673	0.003757	7.851269	198
21307.505166	30.558414	0.003757	8.133562	199
21308.567606	29.239832	0.003740	7.817732	200
21309.591585	30.558233	0.003741	8.168195	201
21310.651571	29.282572	0.003758	7.792526	202
21311.675570	30.076054	0.003715	8.095401	203
21312.739714	29.426760	0.003760	7.826595	204
21313.763724	30.355410	0.003737	8.122851	205
21314.828272	29.361530	0.003744	7.841407	206
21315.850794	35.036182	0.003760	9.318306	207
21316.912601	29.192268	0.003736	7.814273	208
21317.936611	30.468748	0.003731	8.167067	209
21319.000897	29.468983	0.003757	7.843002	210
21320.024938	30.734171	0.003757	8.181017	211
21321.086944	30.264141	0.003731	8.112337	212
21322.110999	30.694395	0.003753	8.177992	213
21323.171298	29.211744	0.003731	7.828716	214
21324.195300	30.211153	0.003731	8.098114	215
21325.259609	29.366955	0.003749	7.833122	216
21326.287313	30.285198	0.003716	8.150393	217
21327.346582	29.343721	0.003740	7.845935	218
21328.369086	30.477234	0.003734	8.161954	219
21329.433384	29.294319	0.003738	7.836979	220
21330.455544	30.490610	0.003755	8.119059	221
21331.517608	29.291592	0.003757	7.795791	222
21332.543698	30.709133	0.003768	8.150606	223
21333.603687	29.185766	0.003734	7.815444	224
21334.627743	30.370731	0.003735	8.132293	225
21335.690178	29.134485	0.003726	7.819432	226
21336.716238	30.531004	0.003742	8.158907	227
21337.780268	29.292326	0.003735	7.843457	228
21338.802821	30.497286	0.003734	8.167963	229
21339.866806	29.378298	0.003750	7.834759	230
21340.888540	30.763920	0.003737	8.231950	231
21341.948811	29.288404	0.003738	7.835936	232
21342.974810	30.421051	0.003738	8.137850	233
21344.036881	29.259148	0.003746	7.810386	234
21345.062094	30.828018	0.003783	8.148198	235
21346.122925	29.107759	0.003734	7.795405	236
21347.146967	30.774540	0.003741	8.226656	237
21348.211077	29.856670	0.003740	7.982464	238
21349.237110	30.456997	0.003727	8.171700	239
21350.296963	29.795416	0.003730	7.988877	240
21351.320975	30.444391	0.003737	8.147183	241
21352.385151	29.403360	0.003750	7.840998	242
21353.410109	30.410824	0.003736	8.139146	243
21354.471256	29.183285	0.003732	7.819046	244
21355.494466	30.235312	0.003721	8.126502	245
21356.555275	29.168903	0.003738	7.802798	246
21357.581345	30.401125	0.003732	8.146385	247
21358.644339	29.205463	0.003736	7.818027	248
21359.666223	30.367830	0.003735	8.130185	249
21360.730337	29.395391	0.003756	7.826111	250
21361.754374	30.714167	0.003758	8.172050	251
21362.816273	29.194004	0.003735	7.816777	252
21363.840322	30.408056	0.003733	8.146153	253
21364.904471	29.072361	0.003721	7.812533	254
21365.929022	30.765438	0.003765	8.171624	255
21366.987888	29.399862	0.003732	7.877336	0
21368.014761	30.405754	0.003727	8.158320	1
21369.076033	29.249407	0.003744	7.812961	2
21370.100038	30.557508	0.003743	8.163167	3
21371.161942	29.118259	0.003730	7.805961	4
21372.185961	30.286684	0.003734	8.111848	5
21373.248906	29.449329	0.003735	7.884823	6
21374.272919	30.451162	0.003733	8.157256	7
21375.337097	29.154079	0.003726	7.824561	8
21376.359472	30.333199	0.003736	8.120085	9
21377.423535	29.124989	0.003733	7.802797	10
21378.446424	30.296101	0.003742	8.096343	11
21379.510420	29.194647	0.003734	7.818043	12
21380.534383	30.492603	0.003723	8.189744	13
21381.594284	28.926702	0.003721	7.773058	14
21382.619327	30.607479	0.003747	8.169378	15
21383.684117	29.167604	0.003722	7.837419	16
21384.705281	30.426296	0.003738	8.139079	17
21385.765865	29.033920	0.003734	7.776331	18
21386.795931	30.403381	0.003716	8.180911	19
21387.854484	29.207869	0.003741	7.806578	20
21388.878928	30.257675	0.003735	8.100559	21
21389.941435	29.422289	0.003758	7.829762	22
21390.965462	30.684227	0.003758	8.165180	23
21392.027042	29.204023	0.003731	7.826703	24
21393.051073	30.693142	0.003736	8.215387	25
21394.115477	29.382751	0.003758	7.818521	26
21395.139469	30.469378	0.003741	8.144405	27
21396.203480	29.428030	0.003730	7.890597	28
21397.223967	30.308760	0.003745	8.092233	29
21398.288484	29.319347	0.003743	7.834109	30
21399.312504	30.606510	0.003744	8.174902	31
21400.372441	29.143173	0.003740	7.793291	32
21401.396479	30.537743	0.003733	8.180099	33
21402.460589	29.476889	0.003762	7.834425	34
21403.484603	30.563671	0.003744	8.162416	35
21404.549392	30.054232	0.003725	8.068817	36
21405.572498	30.357950	0.003728	8.142977	37
21406.632601	29.103382	0.003742	7.777877	38
21407.658667	30.711920	0.003755	8.179707	39
21408.718275	29.109886	0.003733	7.797511	40
21409.744148	30.267288	0.003717	8.143048	41
21410.806533	29.244223	0.003742	7.815757	42
21411.830663	30.473894	0.003742	8.143664	43
21412.892733	29.567442	0.003754	7.876471	44
21413.915224	30.215462	0.003726	8.108458	45
21414.979791	29.308342	0.003749	7.818413	46
21416.004315	30.974379	0.003792	8.169010	47
21417.066349	29.246780	0.003733	7.834608	48
21418.089740	30.791710	0.003753	8.204695	49
21419.154429	29.139662	0.003732	7.807044	50
21420.176351	30.360060	0.003736	8.126812	51
21421.238410	29.069614	0.003728	7.796978	52
21422.264407	30.667847	0.003754	8.170321	53
21423.326249	29.119146	0.003735	7.796752	54
21424.351261	31.115198	0.003751	8.296062	55
21425.413258	29.165258	0.003733	7.813085	56
21426.437280	30.536036	0.003740	8.164330	57
21427.501295	29.322468	0.003728	7.866480	58
21428.521797	30.445221	0.003746	8.126937	59
21429.585183	29.333994	0.003747	7.828698	60
21430.608864	31.003393	0.003743	8.282496	61
21431.669885	29.111282	0.003737	7.789138	62
21432.698781	30.548613	0.003723	8.205471	63
21433.759984	29.110079	0.003723	7.818945	64
21434.781963	30.449102	0.003743	8.135112	65
21435.844914	29.212322	0.003742	7.806104	66
21436.869462	30.478628	0.003743	8.142480	67
21437.930640	29.076263	0.003731	7.793148	68
21438.956433	30.404547	0.003724	8.164675	69
21440.018429	29.343319	0.003747	7.831632	70
21441.042432	30.657316	0.003756	8.163159	71
21442.102360	28.978220	0.003721	7.786938	72
21443.128417	30.436699	0.003737	8.145376	73
21444.192483	29.202225	0.003724	7.840803	74
21445.216472	30.757566	0.003760	8.180991	75
21446.276398	29.134167	0.003740	7.789332	76
21447.300393	30.221436	0.003736	8.088881	77
21448.364484	29.393276	0.003753	7.831479	78
21449.390522	30.642185	0.003742	8.188230	79
21450.450295	29.342056	0.003724	7.880035	80
21451.474399	30.405676	0.003732	8.146947	81
21452.536624	29.256424	0.003746	7.809603	82
21453.561932	30.403521	0.003722	8.167588	83
21454.625173	29.362797	0.003739	7.853231	84
21455.649208	30.392653	0.003739	8.129290	85
21456.709734	29.275560	0.003748	7.810092	86
21457.733753	30.570034	0.003752	8.147609	87
21458.797791	29.422571	0.003756	7.833385	88
21459.819742	30.292675	0.003727	8.127071	89
21460.884363	29.279190	0.003744	7.819657	90
21461.906290	30.078485	0.003714	8.097872	91
21462.970366	29.374693	0.003750	7.832483	92
21463.998404	30.596344	0.003719	8.226478	93
21465.054370	29.096512	0.003735	7.789379	94
21466.080340	30.606089	0.003756	8.149423	95
21467.144423	29.347916	0.003743	7.840294	96
21468.168442	30.601625	0.003741	8.181150	97
21469.228343	29.105555	0.003735	7.791745	98
21470.252311	30.317797	0.003732	8.123015	99
21471.318507	29.221691	0.003736	7.822538	100
21472.340519	30.741037	0.003761	8.174379	101
21473.402344	29.047344	0.003733	7.781220	102
21474.426112	30.234144	0.003717	8.135101	103
21475.488606	29.150383	0.003737	7.800507	104
21476.512620	30.734623	0.003734	8.231353	105
21477.576682	29.291441	0.003738	7.835094	106
21478.602702	30.624950	0.003729	8.211823	107
21479.660607	28.970024	0.003734	7.758297	108
21480.685601	30.470531	0.003743	8.139758	109
21481.750106	29.232946	0.003739	7.818688	110
21482.774596	30.346891	0.003718	8.162013	111
21483.834869	29.233721	0.003734	7.828842	112
21484.859149	30.428045	0.003735	8.147658	113
21485.921165	29.224155	0.003746	7.800768	114
21486.945186	30.410900	0.003738	8.135134	115
21488.007293	29.436420	0.003762	7.824831	116
21489.033310	30.552845	0.003744	8.159834	117
21490.097380	29.303633	0.003739	7.836331	118
21491.121511	30.718880	0.003739	8.215495	119
21492.182708	29.248312	0.003727	7.848284	120
21493.204697	31.329014	0.003744	8.368871	121
21494.267922	29.272446	0.003749	7.808782	122
21495.294390	31.997070	0.003745	8.544051	123
21496.354966	30.010950	0.003762	7.976951	124
21497.379429	30.633001	0.003749	8.171881	125
21498.445428	29.204847	0.003723	7.844624	126
21499.465188	30.469378	0.003734	8.159830	127
21500.527479	29.159721	0.003741	7.794060	128
21501.551441	30.383839	0.003740	8.124562	129
21502.612862	29.323542	0.003762	7.794641	130
21503.638391	30.478111	0.003739	8.150563	131
21504.702379	29.291731	0.003737	7.839056	132
21505.724945	30.563427	0.003748	8.155596	133
21506.786804	29.056067	0.003733	7.783630	134
21507.811974	30.608135	0.003743	8.178473	135
21508.871643	29.133327	0.003740	7.789275	136
21509.897698	30.459122	0.003738	8.149483	137
21510.960086	29.435965	0.003764	7.820232	138
21511.983993	30.372614	0.003732	8.138011	139
21513.046088	29.306902	0.003757	7.801448	140
21514.068939	30.328915	0.003741	8.107321	141
21515.133063	29.201653	0.003744	7.798765	142
21516.154816	30.309210	0.003739	8.106451	143
21517.220486	29.318487	0.003742	7.834306	144
21518.248490	30.422146	0.003713	8.192720	145
21519.307027	29.351984	0.003745	7.837392	146
21520.331068	30.601570	0.003744	8.172983	147
21521.390960	29.056185	0.003733	7.783717	148
21522.416918	30.313795	0.003726	8.136781	149
21523.479130	29.383318	0.003762	7.810458	150
21524.504096	30.564085	0.003749	8.152918	151
21525.566645	29.279533	0.003741	7.827066	152
21526.588898	30.249800	0.003735	8.098777	153
21527.651775	29.174366	0.003734	7.814004	154
21528.675785	30.304028	0.003730	8.124612	155
21529.739820	29.110273	0.003723	7.818439	156
21530.762614	30.348467	0.003739	8.116161	157
21531.823444	28.930450	0.003717	7.782554	158
21532.852531	30.506857	0.003726	8.187590	159
21533.911703	29.048424	0.003737	7.773629	160
21534.935708	30.661585	0.003758	8.158251	161
21535.997424	29.109797	0.003737	7.788777	162
21537.024274	30.620253	0.003744	8.179347	163
21538.086851	29.297070	0.003738	7.836861	164
21539.108909	30.540335	0.003749	8.147161	165
21540.170873	29.143162	0.003732	7.810021	166
21541.194893	30.400633	0.003739	8.131115	167
21542.259000	29.792490	0.003745	7.955183	168
21543.281445	30.391949	0.003739	8.128157	169
21544.347514	29.233778	0.003729	7.840077	170
21545.372009	30.623247	0.003731	8.207680	171
21546.432017	29.304718	0.003753	7.807386	172
21547.453888	30.681957	0.003736	8.212842	173
21548.518082	29.283178	0.003749	7.810241	174
21549.542059	30.515846	0.003737	8.166789	175
21550.603572	29.379427	0.003725	7.887555	176
21551.627767	30.507488	0.003739	8.159269	177
21552.688038	28.969479	0.003725	7.776811	178
21553.714139	31.083881	0.003756	8.276097	179
21554.776206	29.187668	0.003743	7.797189	180
21555.802763	30.636662	0.003754	8.160028	181
21556.865571	29.185467	0.003726	7.832948	182
21557.886277	30.417324	0.003733	8.149043	183
21558.948881	29.127378	0.003740	7.788994	184
21559.972902	30.249893	0.003742	8.083689	185
21561.036962	29.199970	0.003736	7.816761	186
21562.062960	30.598621	0.003742	8.178119	187
21563.123173	29.250578	0.003738	7.825277	188
21564.147200	30.533970	0.003738	8.169528	189
21565.209453	29.193621	0.003740	7.804969	190
21566.235525	30.650223	0.003741	8.193327	191
21567.298077	36.471844	0.003726	9.787759	192
21568.320521	30.400780	0.003723	8.165335	193
21569.382639	29.222496	0.003746	7.799974	194
21570.406581	30.425980	0.003735	8.146874	195
21571.468586	29.305077	0.003747	7.821629	196
21572.492530	30.348124	0.003734	8.128554	197
21573.556647	29.241287	0.003744	7.810367	198
21574.580694	30.705921	0.003756	8.176044	199
21575.644408	29.340721	0.003738	7.849560	200
21576.666535	30.457716	0.003734	8.156011	201
21577.726646	29.014654	0.003748	7.742264	202
21578.754684	30.590542	0.003746	8.167274	203
21579.816707	29.306465	0.003750	7.814826	204
21580.839251	30.600052	0.003756	8.147392	205
21581.901259	29.230293	0.003753	7.788109	206
21582.927773	30.872589	0.003786	8.153333	207
21583.988173	29.158175	0.003731	7.814991	208
21585.014379	30.568808	0.003737	8.180498	209
21586.074420	29.185587	0.003737	7.810112	210
21587.098413	30.769331	0.003742	8.223122	211
21588.160127	29.062405	0.003731	7.788749	212
21589.185341	30.494085	0.003738	8.157329	213
21590.246539	29.096533	0.003735	7.790919	214
21591.272678	30.543589	0.003737	8.172315	215
21592.333147	29.107090	0.003737	7.788202	216
21593.359215	50.759972	0.003745	13.555389	217
21594.420151	29.181137	0.003738	7.805664	218
21595.444162	30.357691	0.003735	8.127123	219
21596.508218	29.355558	0.003747	7.835046	220
21597.532267	30.886765	0.003786	8.157248	221
21598.592207	29.063339	0.003734	7.783490	222
21599.618265	30.692297	0.003739	8.208425	223
21600.680361	29.445110	0.003762	7.827159	224
21601.708379	30.544237	0.003731	8.185803	225
21602.766910	29.177776	0.003735	7.811080	226
21603.790940	30.679859	0.003758	8.164115	227
21604.852899	29.171946	0.003736	7.807388	228
21605.876930	30.471550	0.003737	8.153175	229
21606.941026	29.394676	0.003751	7.835738	230
21607.967073	30.589182	0.003732	8.196602	231
21609.029593	29.257668	0.003724	7.855633	232
21610.054126	30.357771	0.003717	8.167489	233
21611.112672	29.289557	0.003762	7.785993	234
21612.138654	30.600399	0.003751	8.158478	235
21613.201576	29.374609	0.003747	7.840223	236
21614.223545	30.433886	0.003743	8.130624	237
21615.285426	29.088575	0.003733	7.791839	238
21616.309415	30.330795	0.003733	8.124703	239
21617.373569	29.494341	0.003757	7.851251	240
21618.397616	30.681561	0.003752	8.176793	241
21619.457419	28.962271	0.003722	7.780374	242
21620.483485	30.420734	0.003736	8.141703	243
21621.545633	29.027761	0.003726	7.789955	244
21622.569643	30.480459	0.003746	8.136516	245
21623.631270	29.035604	0.003732	7.779276	246
21624.656643	30.370098	0.003741	8.118983	247
21625.720657	29.368607	0.003752	7.827993	248
21626.743178	30.387774	0.003739	8.127290	249
21627.805697	29.409231	0.003760	7.820624	250
21628.829713	30.593760	0.003749	8.159425	251
21629.891673	29.183968	0.003741	7.801261	252
21630.915713	30.459339	0.003741	8.142242	253
21631.977826	29.331245	0.003757	7.806602	254
21633.005824	30.474323	0.003733	8.163983	255
21634.063629	28.881226	0.003726	7.752289	0
21635.089728	30.359938	0.003736	8.125354	1
21636.150628	29.070263	0.003737	7.779860	2
21637.177343	30.493029	0.003735	8.163394	3
21638.239349	29.233765	0.003742	7.811297	4
21639.261242	30.739885	0.003735	8.230535	5
21640.325356	29.220348	0.003748	7.797003	6
21641.349385	30.625027	0.003752	8.162209	7
21642.409308	28.979948	0.003730	7.768699	8
21643.438002	30.495483	0.003725	8.186795	9
21644.495934	28.918373	0.003737	7.738605	10
21645.519983	30.301611	0.003737	8.109109	11
21646.584088	29.266994	0.003749	7.807198	12
21647.608176	30.571335	0.003750	8.151344	13
21648.672213	29.251797	0.003736	7.830077	14
21649.697086	30.335997	0.003724	8.146054	15
21650.758299	29.373014	0.003750	7.833739	16
21651.784375	30.374546	0.003725	8.153495	17
21652.844860	29.366114	0.003746	7.839013	18
21653.868886	30.624449	0.003743	8.181262	19
21654.928766	28.887144	0.003736	7.732522	20
21655.955845	30.679085	0.003750	8.180616	21
21657.015727	29.191933	0.003743	7.799215	22
21658.041755	30.478094	0.003733	8.164452	23
21659.103901	42.696701	0.003754	11.373624	24
21660.127915	30.620020	0.003753	8.158368	25
21661.189409	29.072403	0.003726	7.802029	26
21662.213613	30.557957	0.003738	8.174473	27
21663.275933	29.178049	0.003742	7.797925	28
21664.299951	30.330769	0.003734	8.122768	29
21665.364477	29.414476	0.003751	7.840830	30
21666.388515	30.423779	0.003749	8.114973	31
21667.449072	29.209188	0.003745	7.798618	32
21668.475079	30.636133	0.003746	8.178362	33
21669.534971	29.026798	0.003735	7.771749	34
21670.558983	30.362377	0.003743	8.111865	35
21671.623047	28.996540	0.003726	7.781447	36
21672.647062	30.576542	0.003753	8.147823	37
21673.708850	29.093380	0.003725	7.809329	38
21674.737072	30.525089	0.003733	8.177662	39
21675.795054	29.178566	0.003738	7.806772	40
21676.821665	30.593243	0.003737	8.185638	41
21677.880184	29.097132	0.003744	7.772286	42
21678.906173	30.378201	0.003736	8.130819	43
21679.970220	29.231455	0.003738	7.819327	44
21680.993657	30.516708	0.003737	8.167020	45
21682.056182	29.214163	0.003738	7.815443	46
21683.082200	30.579445	0.003729	8.199465	47
21684.142180	29.330292	0.003746	7.828784	48
21685.166211	30.637270	0.003748	8.174817	49
21686.228456	29.212780	0.003743	7.804674	50
21687.255726	30.521299	0.003727	8.189459	51
21688.313235	29.107124	0.003737	7.789559	52
21689.339237	30.459854	0.003732	8.162395	53
21690.399743	29.058294	0.003733	7.783192	54
21691.423745	30.286121	0.003737	8.103464	55
21692.489827	29.228922	0.003726	7.844574	56
21693.510345	30.434057	0.003752	8.110947	57
21694.573910	29.017494	0.003727	7.785348	58
21695.598040	30.449280	0.003736	8.149515	59
21696.660299	29.958933	0.003746	7.997658	60
21697.686397	30.496294	0.003748	8.136296	61
21698.748840	29.448917	0.003745	7.862939	62
21699.774867	30.473433	0.003733	8.163745	63
21700.833423	29.238260	0.003744	7.808467	64
21701.859445	30.631798	0.003748	8.172313	65
21702.920401	29.378214	0.003757	7.819545	66
21703.946414	30.454124	0.003743	8.136646	67
21705.006495	29.826546	0.003731	7.993596	68
21706.030497	30.339987	0.003732	8.128902	69
21707.092923	29.275351	0.003744	7.819224	70
21708.118978	30.530092	0.003743	8.155707	71
21709.177485	29.009174	0.003741	7.755382	72
21710.205519	30.554039	0.003744	8.161003	73
21711.265030	28.973156	0.003723	7.781186	74
21712.290771	30.433659	0.003734	8.149917	75
21713.354846	29.208181	0.003721	7.849312	76
21714.375982	30.382624	0.003745	8.112837	77
21715.439026	29.119791	0.003734	7.798831	78
21716.463034	30.545305	0.003728	8.193310	79
21717.527304	29.481987	0.003768	7.825108	80
21718.551313	30.641001	0.003758	8.153024	81
21719.614259	29.429316	0.003755	7.837344	82
21720.640272	30.618063	0.003727	8.214524	83
21721.700339	29.315109	0.003747	7.824250	84
21722.724887	31.297703	0.003738	8.372499	85
21723.786883	29.285839	0.003732	7.846262	86
21724.810695	30.513639	0.003739	8.161166	87
21725.872927	29.112484	0.003740	7.784975	88
21726.895939	30.372280	0.003736	8.129120	89
21727.961451	29.274822	0.003731	7.845658	90
21728.983473	30.565046	0.003745	8.162436	91
21730.045372	29.216082	0.003740	7.811696	92
21731.069350	30.284754	0.003722	8.136088	93
21732.131596	29.115128	0.003743	7.779505	94
21733.157569	30.709215	0.003757	8.173546	95
21734.217136	29.129404	0.003735	7.798574	96
21735.243222	30.488567	0.003730	8.173990	97
21736.303589	29.412657	0.003743	7.858372	98
21737.327596	30.361149	0.003738	8.122769	99
21738.391662	29.253723	0.003754	7.792107	100
21739.415659	30.401089	0.003748	8.112046	101
21740.477551	29.154795	0.003732	7.811135	102
21741.501535	30.371107	0.003727	8.148191	103
21742.565625	29.747543	0.003762	7.907012	104
21743.589659	30.625111	0.003748	8.171592	105
21744.649576	29.051340	0.003735	7.778689	106
21745.677697	30.449200	0.003741	8.138375	107
21746.740229	29.321402	0.003737	7.846996	108
21747.760130	30.339849	0.003740	8.112339	109
21748.824200	29.227041	0.003746	7.801206	110
21749.848254	30.546980	0.003746	8.155527	111
21750.910166	29.165934	0.003737	7.804909	112
21751.934170	30.426346	0.003741	8.132229	113
21752.998320	29.703598	0.003790	7.837160	114
21754.022332	31.011415	0.003752	8.266184	115
21755.084349	29.336403	0.003751	7.821405	116
21756.108182	30.418827	0.003745	8.122639	117
21757.171262	29.303703	0.003741	7.833899	118
21758.195136	30.484377	0.003737	8.158386	119
21759.257376	29.378128	0.003758	7.818434	120
21760.283396	30.754349	0.003753	8.194972	121
21761.342872	29.020170	0.003731	7.778169	122
21762.367856	30.649685	0.003753	8.166928	123
21763.429772	29.267859	0.003735	7.836181	124
21764.453792	30.460051	0.003740	8.145154	125
21765.517953	43.063370	0.003744	11.501382	126
21766.541989	30.610224	0.003749	8.164241	127
21767.602924	29.333626	0.003760	7.801181	128
21768.624862	30.367476	0.003751	8.096013	129
21769.688495	29.188868	0.003735	7.815272	130
21770.716927	30.725140	0.003739	8.217578	131
21771.775354	29.070147	0.003735	7.782450	132
21772.799499	30.495136	0.003752	8.127320	133
21773.863560	29.360296	0.003748	7.833254	134
21774.885552	30.506783	0.003748	8.139499	135
21775.948725	29.034374	0.003720	7.804965	136
21776.973271	30.339088	0.003734	8.124591	137
21778.034026	29.189180	0.003741	7.803431	138
21779.060055	30.456074	0.003732	8.159792	139
21780.120580	29.055782	0.003734	7.781596	140
21781.146599	30.294624	0.003741	8.098903	141
21782.208639	29.739698	0.003767	7.894068	142
21783.234675	30.675343	0.003753	8.172724	143
21784.294840	29.232372	0.003741	7.813349	144
21785.318809	30.630955	0.003743	8.184220	145
21786.383272	29.280731	0.003746	7.817276	146
21787.409237	57.858616	0.003731	15.507226	147
21788.469221	29.152542	0.003734	7.807305	148
21789.493690	30.673294	0.003749	8.181508	149
21790.553403	29.019072	0.003723	7.794928	150
21791.579577	30.377298	0.003729	8.146192	151
21792.639681	29.185312	0.003742	7.799607	152
21793.665769	50.685749	0.003742	13.544415	153
21794.727327	29.149639	0.003731	7.813743	154
21795.751317	30.611544	0.003758	8.145455	155
21796.813874	29.196997	0.003754	7.776814	156
21797.837848	30.478434	0.003741	8.147830	157
21798.901946	29.347589	0.003753	7.819731	158
21799.924398	30.548370	0.003752	8.141067	159
21800.988151	29.175667	0.003735	7.812035	160
21802.012099	30.515297	0.003734	8.171469	161
21803.072495	29.145647	0.003740	7.792070	162
21804.100579	30.457842	0.003739	8.145470	163
21805.160607	29.325884	0.003749	7.823221	164
21806.186620	30.384594	0.003732	8.141221	165
21807.246655	29.293812	0.003751	7.809459	166
21808.272663	30.494236	0.003734	8.166914	167
21809.335181	29.146580	0.003730	7.814742	168
21810.357603	30.468678	0.003737	8.153141	169
21811.425738	45.657021	0.003728	12.246271	170
21812.445787	30.734737	0.003757	8.179914	171
21813.505848	29.685055	0.003751	7.913537	172
21814.528816	30.158607	0.003723	8.099904	173
21815.591862	29.128778	0.003739	7.789886	174
21816.617897	30.735554	0.003761	8.172594	175
21817.680431	29.325306	0.003751	7.817061	176
21818.703229	31.040514	0.003741	8.297756	177
21819.767376	29.451679	0.003779	7.794512	178
21820.793384	30.528536	0.003728	8.189784	179
21821.851121	29.132799	0.003733	7.804519	180
21822.881467	30.497835	0.003736	8.163925	181
21823.939997	29.287901	0.003756	7.798064	182
21824.967289	31.091446	0.003724	8.348158	183
21826.026472	29.165821	0.003728	7.823377	184
21827.048465	30.292732	0.003738	8.103139	185
21828.112566	29.377024	0.003754	7.826391	186
21829.136555	30.505028	0.003746	8.142689	187
21830.201848	29.243723	0.003728	7.844068	188
21831.222742	30.599146	0.003733	8.196022	189
21832.285014	29.201721	0.003741	7.805268	190
21833.309029	31.141232	0.003747	8.311351	191
21834.371092	29.437143	0.003756	7.837726	192
21835.397108	30.683485	0.003758	8.165888	193
21836.457085	29.173229	0.003733	7.815814	194
21837.483147	30.480705	0.003736	8.159455	195
21838.545258	29.386026	0.003755	7.825095	196
21839.571273	30.621876	0.003742	8.184043	197
21840.631281	29.237274	0.003755	7.787230	198
21841.658246	30.552069	0.003732	8.186269	199
21842.718093	29.211735	0.003738	7.815275	200
21843.742076	30.450748	0.003734	8.154299	201
21844.802171	29.266222	0.003752	7.799414	202
21845.830203	30.576937	0.003748	8.159085	203
21846.891129	29.400240	0.003756	7.826792	204
21847.919162	30.434275	0.003718	8.186101	205
21848.977694	29.378075	0.003764	7.805018	206
21850.000085	30.436033	0.003749	8.117436	207
21851.067217	30.131704	0.003719	8.102167	208
21852.087720	30.492889	0.003734	8.165662	209
21853.154186	29.254814	0.003730	7.843407	210
21854.174585	30.469549	0.003742	8.142348	211
21855.236730	29.248920	0.003743	7.815199	212
21856.262742	30.497221	0.003745	8.142493	213
21857.323277	29.541939	0.003737	7.904592	214
21858.349266	30.626478	0.003747	8.174237	215
21859.409174	29.454514	0.003741	7.873842	216
21860.433172	30.253582	0.003726	8.118841	217
21861.497313	29.452003	0.003758	7.837632	218
21862.521307	30.583603	0.003749	8.158278	219
21863.585302	29.318851	0.003741	7.837113	220
21864.607797	30.701759	0.003758	8.169229	221
21865.669749	29.371798	0.003741	7.850875	222
21866.693762	30.301723	0.003736	8.111371	223
21867.754749	28.950247	0.003738	7.744637	224
21868.781701	30.496140	0.003752	8.127742	225
21869.842627	29.433121	0.003760	7.827697	226
21870.866647	30.649197	0.003759	8.152629	227
21871.928578	29.256510	0.003742	7.817912	228
21872.952625	30.268911	0.003736	8.100934	229
21874.016529	29.466978	0.003735	7.890223	230
21875.039590	30.437628	0.003736	8.146745	231
21876.103730	29.219091	0.003743	7.807137	232
21877.127734	30.687328	0.003754	8.175182	233
21878.187373	29.002499	0.003724	7.787009	234
21879.213356	30.339977	0.003726	8.143558	235
21880.275815	29.097076	0.003740	7.779803	236
21881.302409	30.656429	0.003733	8.212340	237
21882.360718	29.160282	0.003741	7.794357	238
21883.386742	30.375439	0.003745	8.109978	239
21884.448750	29.228931	0.003751	7.792384	240
21885.473241	31.262960	0.003752	8.333275	241
21886.535121	29.209446	0.003738	7.813496	242
21887.559118	30.492290	0.003739	8.154702	243
21888.621316	29.521866	0.003749	7.875522	244
21889.645353	30.470701	0.003741	8.145840	245
21890.707451	29.146076	0.003745	7.783683	246
21891.733959	30.785027	0.003763	8.181142	247
21892.793803	29.240948	0.003744	7.810516	248
21893.817056	30.244009	0.003741	8.084030	249
21894.884051	29.290674	0.003730	7.851753	250
21895.904503	30.469742	0.003740	8.147166	251
21896.968598	29.437077	0.003758	7.833974	252
21897.992660	30.753807	0.003758	8.184622	253
21899.054526	29.184305	0.003731	7.821214	254
21900.078546	30.495424	0.003736	8.162311	255
21901.142712	29.216236	0.003731	7.830646	0
21902.164716	30.640026	0.003756	8.158652	1
21903.226281	29.090816	0.003737	7.784327	2
21904.250218	30.304895	0.003734	8.116379	3
21905.312739	29.139875	0.003740	7.791745	4
21906.338827	30.572784	0.003740	8.174738	5
21907.401364	29.386646	0.003746	7.844828	6
21908.427390	30.411798	0.003720	8.176274	7
21909.489930	29.349100	0.003736	7.855304	8
21910.513964	30.688717	0.003758	8.165317	9
21911.572474	29.570454	0.003759	7.866112	10
21912.600519	30.716738	0.003751	8.188778	11
21913.658840	29.191177	0.003741	7.802006	12
21914.682858	30.406225	0.003734	8.143981	13
21915.747988	29.232939	0.003726	7.845371	14
21916.769182	30.415073	0.003738	8.136270	15
21917.833710	29.394390	0.003753	7.831813	16
21918.857745	30.656439	0.003754	8.167166	17
21919.919557	29.284510	0.003735	7.839615	18
21920.943573	30.490911	0.003741	8.150413	19
21922.007785	29.424858	0.003752	7.842875	20
21923.031810	50.392509	0.003779	13.334779	21
21924.093843	29.315670	0.003744	7.830271	22
21925.118409	31.042873	0.003761	8.252872	23
21926.178258	29.162567	0.003735	7.807303	24
21927.202266	30.413870	0.003740	8.131803	25
21928.264461	29.174875	0.003739	7.803507	26
21929.288491	30.457493	0.003749	8.124676	27
21930.351895	29.133808	0.003739	7.790991	28
21931.377942	30.530830	0.003729	8.187480	29
21932.436573	29.045488	0.003743	7.759758	30
21933.466646	30.616110	0.003742	8.181358	31
21934.525118	43.488895	0.003780	11.506014	32
21935.551161	30.658819	0.003749	8.178053	33
21936.614000	29.096512	0.003720	7.821986	34
21937.634740	30.599718	0.003745	8.171792	35
21938.697214	29.141245	0.003738	7.795991	36
21939.723159	30.491621	0.003739	8.154021	37
21940.785308	29.288767	0.003749	7.813338	38
21941.809290	30.556305	0.003749	8.150419	39
21942.870187	29.111235	0.003745	7.772925	40
21943.896187	30.650291	0.003761	8.149942	41
21944.959105	29.528563	0.003755	7.863737	42
21945.983106	30.698824	0.003750	8.186420	43
21947.043044	29.139271	0.003739	7.793633	44
21948.069106	30.523378	0.003740	8.161720	45
21949.131204	29.422712	0.003756	7.833367	46
21950.155235	30.551378	0.003759	8.127797	47
21951.217760	29.318501	0.003747	7.824748	48
21952.241777	30.409845	0.003745	8.120644	49
21953.303692	29.024137	0.003737	7.766522	50
21954.328684	31.305426	0.003751	8.345244	51
21955.388613	29.160110	0.003746	7.783710	52
21956.414630	30.939337	0.003737	8.279438	53
21957.476722	29.433805	0.003767	7.814305	54
21958.501269	30.663221	0.003763	8.149596	55
21959.563281	29.038809	0.003726	7.794514	56
21960.589253	30.578682	0.003733	8.191551	57
21961.649604	29.183836	0.003740	7.802816	58
21962.673606	30.633095	0.003734	8.202993	59
21963.737846	29.413340	0.003753	7.837251	60
21964.761866	30.468267	0.003748	8.130146	61
21965.825892	29.481567	0.003756	7.849128	62
21966.848476	30.579069	0.003745	8.166182	63
21967.910994	28.956665	0.003719	7.785225	64
21968.935453	30.589718	0.003742	8.174480	65
21969.997478	29.278532	0.003747	7.813748	66
21971.021292	30.876822	0.003738	8.259634	67
21972.083547	29.592152	0.003779	7.831432	68
21973.105509	30.395414	0.003743	8.120422	69
21974.170099	29.285233	0.003744	7.821864	70
21975.192576	30.419292	0.003739	8.136375	71
21976.260676	29.222004	0.003729	7.837069	72
21977.280690	30.601339	0.003752	8.155819	73
21978.340620	29.100670	0.003738	7.785892	74
21979.366645	30.465887	0.003743	8.139231	75
21980.428767	29.412497	0.003751	7.840543	76
21981.456837	30.509258	0.003728	8.183154	77
21982.517389	29.249619	0.003742	7.817402	78
21983.539365	30.617090	0.003746	8.172447	79
21984.601307	29.225639	0.003741	7.811290	80
21985.625317	30.381765	0.003736	8.132180	81
21986.689448	29.477306	0.003753	7.853942	82
21987.713480	30.505970	0.003747	8.140553	83
21988.775996	29.377192	0.003756	7.821248	84
21989.799967	30.635548	0.003749	8.171091	85
21990.862065	29.232172	0.003740	7.816647	86
21991.888068	30.613558	0.003740	8.184380	87
21992.952606	29.224472	0.003726	7.843360	88
21993.970987	30.851809	0.003724	8.284544	89
21995.035200	29.822737	0.003749	7.955052	90
21996.059298	30.548811	0.003749	8.148747	91
21997.121819	29.358986	0.003749	7.831460	92
21998.147862	30.649981	0.003741	8.193826	93
21999.207788	29.142368	0.003740	7.792763	94
22000.231804	30.527424	0.003746	8.148841	95
22001.291922	29.042150	0.003753	7.739188	96
22002.318634	30.306540	0.003725	8.136653	97
22003.379329	29.138554	0.003736	7.798765	98
22004.405308	30.522387	0.003736	8.168888	99
22005.467509	29.470562	0.003763	7.831618	100
22006.491522	30.655550	0.003751	8.172949	101
22007.555543	29.251661	0.003738	7.825438	102
22008.578077	31.066607	0.003759	8.265588	103
22009.640031	29.215597	0.003743	7.804650	104
22010.664121	30.485138	0.003736	8.160216	105
22011.726230	29.841660	0.003758	7.940484	106
22012.754254	30.639500	0.003732	8.210047	107
22013.812792	29.236660	0.003754	7.787287	108
22014.838796	30.609863	0.003748	8.167774	109
22015.902812	29.270586	0.003725	7.858484	110
22016.924767	30.564075	0.003744	8.164418	111
22017.986878	29.229195	0.003750	7.795235	112
22019.009284	30.296684	0.003732	8.117666	113
22020.072780	29.500265	0.003734	7.901498	114
22021.096888	30.561188	0.003748	8.154362	115
22022.159740	29.256344	0.003740	7.823592	116
22023.183790	30.528246	0.003744	8.154770	117
22024.243940	29.195274	0.003758	7.768745	118
22025.273977	48.668159	0.003728	13.053277	119
22026.331641	29.029703	0.003737	7.767421	120
22027.358382	30.653002	0.003749	8.177293	121
22028.420386	29.197258	0.003738	7.811642	122
22029.443019	30.323990	0.003729	8.131645	123
22030.506457	29.435644	0.003756	7.837327	124
22031.532510	30.502525	0.003733	8.170588	125
22032.593093	29.480873	0.003765	7.830947	126
22033.615592	30.388397	0.003764	8.073456	127
22034.678515	49.622204	0.003755	13.214739	128
22035.704547	30.512814	0.003751	8.134433	129
22036.765096	29.303591	0.003749	7.815556	130
22037.791228	30.719442	0.003748	8.195251	131
22038.851048	29.148769	0.003731	7.811690	132
22039.875032	30.784964	0.003741	8.228624	133
22040.937287	29.148216	0.003749	7.775182	134
22041.965351	30.574297	0.003728	8.201827	135
22043.025909	29.269613	0.003750	7.805110	136
22044.049911	30.543230	0.003742	8.163198	137
22045.109734	29.184448	0.003737	7.809994	138
22046.135750	30.383926	0.003737	8.130578	139
22047.195910	28.990358	0.003741	7.750205	140
22048.222661	30.569683	0.003742	8.170133	141
22049.282836	29.132595	0.003740	7.789540	142
22050.306837	30.334202	0.003739	8.112193	143
22051.370335	29.158606	0.003735	7.806984	144
22052.394086	30.354271	0.003730	8.138430	145
22053.456978	29.174152	0.003744	7.792785	146
22054.480974	30.485224	0.003750	8.129998	147
22055.543053	29.185003	0.003752	7.778321	148
22056.571095	30.503834	0.003733	8.170978	149
22057.629002	29.096996	0.003738	7.783305	150
22058.654989	30.369637	0.003741	8.118149	151
22059.715127	29.108471	0.003740	7.782149	152
22060.743202	30.488367	0.003730	8.173548	153
22061.802993	29.200743	0.003738	7.811278	154
22062.827231	30.319908	0.003741	8.104376	155
22063.889897	29.239725	0.003734	7.829651	156
22064.913886	31.153574	0.003738	8.335128	157
22065.976054	29.594673	0.003755	7.881454	158
22067.004119	30.622519	0.003732	8.205243	159
22068.062693	29.369556	0.003757	7.817868	160
22069.088724	30.417248	0.003744	8.124908	161
22070.149257	29.293365	0.003752	7.808049	162
22071.175258	30.785509	0.003746	8.218296	163
22072.237783	29.486553	0.003750	7.863778	164
22073.260346	30.505657	0.003755	8.123294	165
22074.321901	29.078560	0.003734	7.788435	166
22075.346943	30.341068	0.003723	8.148909	167
22076.410997	29.319736	0.003736	7.846886	168
22077.433320	30.446241	0.003746	8.127362	169
22078.494005	29.103836	0.003735	7.792079	170
22079.520072	30.447073	0.003736	8.148983	171
22080.584159	29.390308	0.003746	7.845843	172
22081.606655	30.478817	0.003741	8.148260	173
22082.668742	29.308146	0.003749	7.817399	174
22083.694762	30.655575	0.003744	8.187193	175
22084.754716	29.019258	0.003738	7.763540	176
22085.780791	31.156425	0.003747	8.315563	177
22086.842860	29.480459	0.003756	7.848463	178
22087.866881	30.592724	0.003746	8.167663	179
22088.928715	29.509966	0.003737	7.896674	180
22089.956929	30.405653	0.003732	8.148160	181
22091.016271	29.048668	0.003732	7.784625	182
22092.039385	30.440329	0.003738	8.143296	183
22093.101537	29.401745	0.003754	7.831553	184
22094.125588	30.485182	0.003740	8.150059	185
22095.188157	29.258774	0.003748	7.806389	186
22096.211027	30.263666	0.003735	8.103451	187
22097.273947	29.116226	0.003737	7.790665	188
22098.297976	30.427155	0.003737	8.142416	189
22099.360092	29.174675	0.003747	7.786842	190
22100.384586	30.350359	0.003739	8.116688	191
22101.447182	29.358465	0.003763	7.801297	192
22102.473224	30.628130	0.003756	8.155446	193
22103.536024	29.376917	0.003723	7.889697	194
22104.557029	30.431549	0.003745	8.125632	195
22105.621235	50.885998	0.003781	13.458864	196
22106.647261	30.717434	0.003748	8.195199	197
22107.705949	29.005159	0.003739	7.757690	198
22108.730330	30.368650	0.003740	8.119116	199
22109.793311	29.159975	0.003739	7.798321	200
22110.817318	30.497438	0.003746	8.141915	201
22111.881370	29.743765	0.003766	7.897228	202
22112.905392	30.707539	0.003757	8.174044	203
22113.965335	28.983973	0.003741	7.746845	204
22114.993473	30.617035	0.003740	8.187074	205
22116.051963	29.187508	0.003746	7.792036	206
22117.075956	30.548124	0.003723	8.204285	207
22118.140084	29.415487	0.003761	7.820648	208
22119.164125	30.679806	0.003758	8.164235	209
22120.226066	29.337523	0.003736	7.853155	210
22121.253004	30.537397	0.003730	8.186226	211
22122.314213	29.221552	0.003737	7.818717	212
22123.336574	30.534328	0.003730	8.186823	213
22124.398676	29.338732	0.003756	7.810842	214
22125.426677	30.635818	0.003742	8.188042	215
22126.484979	29.154890	0.003735	7.805045	216
22127.511005	30.463448	0.003740	8.146332	217
22128.571241	28.983912	0.003737	7.756788	218
22129.597285	30.459305	0.003739	8.145514	219
22130.658704	29.384148	0.003765	7.804280	220
22131.682366	30.418629	0.003739	8.134945	221
22132.745676	29.253254	0.003744	7.813914	222
22133.770424	30.456652	0.003744	8.133932	223
22134.832939	29.254211	0.003743	7.816113	224
22135.857318	30.539452	0.003736	8.174812	225
22136.916866	29.216026	0.003739	7.814070	226
22137.944939	30.501469	0.003744	8.146923	227
22139.007011	29.455679	0.003760	7.834712	228
22140.031034	30.771267	0.003753	8.198299	229
22141.090980	29.133060	0.003738	7.793506	230
22142.116901	30.456623	0.003743	8.136814	231
22143.179057	29.444832	0.003745	7.862779	232
22144.203096	30.643829	0.003748	8.175233	233
22145.262941	28.854183	0.003727	7.741440	234
22146.289016	30.484182	0.003739	8.152978	235
22147.351148	29.414934	0.003766	7.811023	236
22148.381182	43.802567	0.003741	11.708340	237
22149.436866	29.200741	0.003736	7.815002	238
22150.460868	30.446114	0.003736	8.148687	239
22151.523209	29.155666	0.003737	7.802161	240
22152.547229	30.241526	0.003732	8.102522	241
22153.613338	29.607672	0.003780	7.833189	242
22154.635350	30.707924	0.003773	8.137959	243
22155.700478	29.037361	0.003719	7.808317	244
22156.721338	30.690884	0.003737	8.213790	245
22157.783461	29.657600	0.003754	7.900842	246
22158.809502	30.739824	0.003757	8.181344	247
22159.869383	29.171949	0.003735	7.810390	248
22160.895412	30.449265	0.003746	8.128939	249
22161.955967	29.180105	0.003741	7.800376	250
22162.979946	30.602516	0.003726	8.213966	251
22164.046096	29.273476	0.003740	7.826245	252
22165.068080	30.549067	0.003742	8.163115	253
22166.130029	29.221470	0.003742	7.808123	254
22167.154032	30.433727	0.003734	8.149451	255
22168.216171	29.283575	0.003757	7.795422	0
22169.240191	30.596600	0.003761	8.134478	1
22170.307100	29.223381	0.003722	7.850518	2
22171.327525	30.544449	0.003743	8.161243	3
22172.391613	29.333826	0.003734	7.854904	4
22173.415626	30.591669	0.003735	8.189548	5
22174.475577	29.125294	0.003737	7.793775	6
22175.502960	30.481945	0.003726	8.179892	7
22176.562102	29.062204	0.003743	7.763875	8
22177.586133	30.287004	0.003743	8.090751	9
22178.650216	29.324188	0.003751	7.817336	10
22179.674199	30.641668	0.003771	8.124808	11
22180.735089	29.267172	0.003747	7.811677	12
22181.763086	30.858675	0.003763	8.201389	13
22182.821338	29.420399	0.003742	7.861855	14
22183.845325	30.394623	0.003735	8.136836	15
22184.907680	29.176140	0.003745	7.790255	16
22185.933734	30.554016	0.003747	8.153586	17
22186.996315	29.358097	0.003752	7.825507	18
22188.018316	30.469519	0.003747	8.132575	19
22189.083925	29.054245	0.003723	7.804524	20
22190.106086	30.448441	0.003738	8.144693	21
22191.170436	29.388670	0.003759	7.817958	22
22192.192797	30.370436	0.003747	8.105862	23
22193.254912	29.321968	0.003754	7.810341	24
22194.280954	31.180880	0.003758	8.296305	25
22195.341774	29.170881	0.003736	7.808251	26
22196.367889	30.614868	0.003736	8.194922	27
22197.428465	29.213301	0.003745	7.799863	28
22198.452405	30.665754	0.003752	8.172831	29
22199.514364	29.159756	0.003738	7.801794	30
22200.538395	30.437738	0.003737	8.143916	31
22201.600539	29.444727	0.003768	7.814961	32
22202.626539	30.603897	0.003747	8.168230	33
22203.687044	29.395189	0.003765	7.806901	34
22204.713088	30.719427	0.003757	8.175646	35
22205.773017	29.104696	0.003740	7.781472	36
22206.797302	30.462997	0.003751	8.122381	37
22207.862050	29.262989	0.003740	7.824887	38
22208.884117	30.444347	0.003734	8.153824	39
22209.946554	29.253622	0.003746	7.810167	40
22210.970593	30.378410	0.003739	8.123669	41
22212.032693	29.271942	0.003753	7.800164	42
22213.058680	30.671968	0.003755	8.167658	43
22214.118608	29.170095	0.003743	7.792236	44
22215.146707	30.579359	0.003744	8.167206	45
22216.207243	29.306484	0.003746	7.823966	46
22217.231683	30.359772	0.003743	8.112053	47
22218.291753	29.260904	0.003757	7.788064	48
22219.317811	30.565172	0.003745	8.162084	49
22220.379609	29.173594	0.003734	7.812221	50
22221.405879	30.768808	0.003771	8.159747	51
22222.464307	29.043922	0.003737	7.772866	52
22223.490323	30.476547	0.003736	8.156852	53
22224.552501	29.448864	0.003770	7.811007	54
22225.578509	30.519522	0.003758	8.121773	55
22226.638960	29.282831	0.003752	7.804965	56
22227.664992	30.683941	0.003752	8.179030	57
22228.724884	28.883341	0.003724	7.756714	58
22229.750962	30.386923	0.003743	8.117500	59
22230.813099	29.342205	0.003748	7.829131	60
22231.837100	30.954012	0.003750	8.255096	61
22232.898979	29.082102	0.003735	7.786390	62
22233.925672	31.120989	0.003759	8.279627	63
22234.987026	29.175825	0.003728	7.825818	64
22236.014223	30.514105	0.003722	8.197372	65
22237.072257	29.321114	0.003754	7.810537	66
22238.098290	30.597250	0.003746	8.166939	67
22239.158818	29.369368	0.003765	7.801181	68
22240.183801	30.575607	0.003752	8.149941	69
22241.243781	29.200624	0.003750	7.787302	70
22242.268248	30.425383	0.003739	8.136808	71
22243.332300	29.414820	0.003750	7.843516	72
22244.356338	30.618841	0.003753	8.158729	73
22245.416283	29.090643	0.003741	7.775393	74
22246.442324	30.341631	0.003734	8.126313	75
22247.504451	29.292622	0.003755	7.801640	76
22248.530455	30.420460	0.003746	8.120365	77
22249.591384	29.253595	0.003753	7.794686	78
22250.617399	30.703230	0.003748	8.192921	79
22251.677183	29.146523	0.003738	7.797902	80
22252.705493	30.290926	0.003730	8.121659	81
22253.763925	29.253286	0.003750	7.801107	82
22254.787919	30.318596	0.003742	8.103296	83
22255.854031	29.393051	0.003747	7.844107	84
22256.873988	30.198627	0.003738	8.078828	85
22257.935764	28.994047	0.003730	7.773864	86
22258.964093	30.623379	0.003745	8.176679	87
22260.024934	29.715851	0.003736	7.953087	88
22261.048071	30.490101	0.003745	8.142576	89
22262.110199	29.361296	0.003760	7.808080	90
22263.134213	30.535553	0.003754	8.133271	91
22264.197204	29.297720	0.003748	7.817852	92
22265.223241	30.584009	0.003750	8.156631	93
22266.283207	29.577465	0.003740	7.907948	94
22267.307215	30.250044	0.003742	8.084973	95
22268.369371	29.422035	0.003754	7.836588	96
22269.395410	30.725080	0.003754	8.184505	97
22270.455254	29.035311	0.003737	7.769327	98
22271.481278	30.412598	0.003738	8.136687	99
22272.543979	29.491470	0.003768	7.826134	100
22273.566143	30.419039	0.003733	8.148999	101
22274.628536	28.985121	0.003744	7.742604	102
22275.652555	30.240759	0.003750	8.064364	103
22276.718614	29.181135	0.003737	7.808718	104
22277.739426	30.425488	0.003743	8.127609	105
22278.801480	29.258982	0.003755	7.791356	106
22279.827533	30.956839	0.003753	8.249064	107
22280.887536	29.079021	0.003739	7.777777	108
22281.913543	30.516050	0.003747	8.144783	109
22282.975615	29.468262	0.003767	7.823711	110
22284.001659	30.798727	0.003759	8.193659	111
22285.062210	29.379507	0.003757	7.820259	112
22286.085076	30.645384	0.003738	8.198890	113
22287.149136	29.373638	0.003752	7.828595	114
22288.173179	30.565287	0.003749	8.152236	115
22289.235111	29.257090	0.003739	7.823959	116
22290.259149	30.502459	0.003744	8.147535	117
22291.321258	29.308462	0.003753	7.809730	118
22292.347283	30.664793	0.003749	8.179048	119
22293.409306	29.361240	0.003750	7.829081	120
22294.433874	31.102440	0.003754	8.286239	121
22295.493826	28.978678	0.003740	7.749193	122
22296.519860	30.571527	0.003743	8.168730	123
22297.581941	29.564293	0.003774	7.834183	124
22298.604397	30.222862	0.003737	8.086538	125
22299.666223	28.946510	0.003729	7.762630	126
22300.692482	30.612705	0.003749	8.164690	127
22301.754450	29.147240	0.003743	7.787882	128
22302.780985	30.639116	0.003749	8.172314	129
22303.840998	29.133179	0.003745	7.778269	130
22304.865434	30.424269	0.003737	8.140640	131
22305.927509	29.616638	0.003764	7.868343	132
22306.949910	30.305235	0.003741	8.099859	133
22308.013413	29.082432	0.003740	7.775464	134
22309.037406	30.481028	0.003747	8.135128	135
22310.099949	29.205940	0.003743	7.803474	136
22311.123942	30.277273	0.003744	8.086734	137
22312.188922	29.836554	0.003743	7.970966	138
22313.210833	30.454491	0.003745	8.131835	139
22314.272917	29.312750	0.003756	7.803980	140
22315.298948	30.510702	0.003749	8.138793	141
22316.359104	29.219208	0.003741	7.810385	142
22317.384804	30.730034	0.003724	8.251216	143
22318.445926	29.114721	0.003741	7.781737	144
22319.469884	30.316355	0.003734	8.118234	145
22320.534075	29.406401	0.003760	7.820406	146
22321.558106	30.563053	0.003748	8.154320	147
22322.620643	29.349415	0.003749	7.828555	148
22323.644639	31.162258	0.003768	8.270327	149
22324.706591	29.252531	0.003745	7.811225	150
22325.730584	30.470568	0.003740	8.146556	151
22326.792705	29.298538	0.003760	7.791335	152
22327.818674	30.516821	0.003756	8.125233	153
22328.879142	29.247801	0.003747	7.805732	154
22329.905144	30.627094	0.003751	8.165749	155
22330.965067	29.120928	0.003738	7.790020	156
22331.989107	30.750830	0.003743	8.214558	157
22333.055191	29.383787	0.003754	7.827417	158
22334.077175	30.538219	0.003751	8.141861	159
22335.139074	29.123690	0.003745	7.776141	160
22336.164117	30.600346	0.003754	8.151452	161
22337.225038	29.109531	0.003747	7.769547	162
22338.251027	30.523260	0.003748	8.143491	163
22339.314437	29.077991	0.003733	7.788653	164
22340.338465	30.728182	0.003762	8.167882	165
22341.399398	29.236195	0.003750	7.796217	166
22342.423863	30.573307	0.003745	8.164642	167
22343.487923	29.570631	0.003772	7.839914	168
22344.511920	30.666313	0.003748	8.182992	169
22345.573939	29.592770	0.003777	7.835290	170
22346.595712	30.329216	0.003729	8.134149	171
22347.659965	29.312227	0.003745	7.827851	172
22348.681911	30.526632	0.003748	8.144892	173
22349.743521	29.073839	0.003733	7.787744	174
22350.769621	30.621588	0.003741	8.184916	175
22351.829992	28.957523	0.003728	7.766544	176
22352.858134	30.711538	0.003749	8.191940	177
22353.916649	29.244244	0.003745	7.808217	178
22354.940644	30.530306	0.003761	8.117330	179
22356.004679	29.261517	0.003753	7.796299	180
22357.032722	30.586544	0.003737	8.185146	181
22358.088707	29.437483	0.003742	7.867109	182
22359.114727	30.391590	0.003746	8.113522	183
22360.178760	29.297424	0.003740	7.834522	184
22361.204707	30.799574	0.003753	8.206461	185
22362.265269	29.342081	0.003753	7.817599	186
22363.289801	30.506531	0.003745	8.146887	187
22364.350732	29.294748	0.003751	7.809856	188
22365.376750	30.775955	0.003756	8.194015	189
22366.436680	29.196136	0.003739	7.808232	190
22367.460660	30.291927	0.003738	8.104268	191
22368.526805	29.357529	0.003733	7.863752	192
22369.548811	30.584553	0.003755	8.145418	193
22370.610629	29.163475	0.003740	7.797112	194
22371.636567	30.623791	0.003738	8.191929	195
22372.696749	29.248751	0.003748	7.803679	196
22373.720832	30.437878	0.003741	8.136660	197
22374.782337	29.256714	0.003763	7.774497	198
22375.809433	30.633389	0.003742	8.186092	199
22376.869316	29.213568	0.003744	7.803239	200
22377.893339	30.511477	0.003741	8.155774	201
22378.959545	29.602278	0.003767	7.858127	202
22379.981564	30.533373	0.003744	8.155097	203
22381.040969	29.105568	0.003739	7.785339	204
22382.066658	30.220371	0.003728	8.107307	205
22383.127555	29.126583	0.003743	7.780982	206
22384.154057	30.598869	0.003744	8.173306	207
22385.214466	29.171864	0.003746	7.787547	208
22386.244540	30.609007	0.003730	8.205930	209
22387.301039	29.127459	0.003748	7.771647	210
22388.327075	30.671997	0.003759	8.160098	211
22389.388767	29.431061	0.003736	7.877427	212
22390.415948	30.478510	0.003728	8.176345	213
22391.477118	29.297451	0.003755	7.801674	214
22392.501594	30.712561	0.003770	8.146630	215
22393.561568	29.362028	0.003758	7.813154	216
22394.587596	30.577383	0.003761	8.129214	217
22395.648099	29.232803	0.003750	7.795829	218
22396.676145	30.697197	0.003753	8.179009	219
22397.734122	29.549454	0.003744	7.893425	220
22398.758222	30.508734	0.003757	8.121316	221
22399.824273	29.399021	0.003751	7.838007	222
22400.848298	30.572060	0.003742	8.168949	223
22401.910320	29.419563	0.003755	7.834432	224
22402.932168	30.729973	0.003741	8.213887	225
22403.994381	29.352583	0.003763	7.801094	226
22405.018349	30.517164	0.003755	8.127375	227
22406.079834	29.142931	0.003738	7.795536	228
22407.106002	30.621059	0.003741	8.185241	229
22408.166402	28.928135	0.003746	7.723249	230
22409.194453	30.483704	0.003744	8.142796	231
22410.254469	29.458176	0.003771	7.811934	232
22411.278495	30.635689	0.003754	8.159846	233
22412.340459	29.180290	0.003738	7.805696	234
22413.364347	30.168118	0.003719	8.111108	235
22414.428643	29.455233	0.003760	7.834131	236
22415.452666	30.570328	0.003747	8.158441	237
22416.514355	29.270668	0.003742	7.821862	238
22417.538522	30.934937	0.003738	8.276475	239
22418.601562	29.395700	0.003755	7.829093	240
22419.625410	30.512753	0.003736	8.166271	241
22420.687643	29.457294	0.003766	7.822658	242
22421.709618	30.354017	0.003743	8.109727	243
22422.775649	29.287699	0.003739	7.833908	244
22423.798187	30.573444	0.003752	8.148768	245
22424.862984	29.241659	0.003732	7.835934	246
22425.884733	30.439833	0.003745	8.127381	247
22426.944714	29.536610	0.003734	7.909730	248
22427.972781	30.738859	0.003758	8.179603	249
22429.035313	29.244843	0.003731	7.837680	250
22430.059866	30.555824	0.003735	8.180903	251
22431.121898	29.156700	0.003732	7.811738	252
22432.148421	30.560907	0.003736	8.179450	253
22433.206944	29.349504	0.003760	7.806361	254
22434.231899	30.631132	0.003747	8.174127	255
22435.292344	29.445742	0.003738	7.878198	0
22436.318443	30.619949	0.003749	8.168013	1
22437.380480	29.383507	0.003746	7.844955	2
22438.404463	30.466360	0.003744	8.138065	3
22439.466434	29.252691	0.003743	7.814929	4
22440.492427	30.602543	0.003746	8.169801	5
22441.552436	29.299503	0.003756	7.800232	6
22442.577221	30.474848	0.003737	8.155855	7
22443.637296	28.848173	0.003737	7.720333	8
22444.663356	30.403080	0.003736	8.137208	9
22445.725147	29.156326	0.003735	7.805707	10
22446.749166	30.383923	0.003739	8.126163	11
22447.811768	29.240520	0.003741	7.816286	12
22448.835748	30.160416	0.003717	8.113812	13
22449.897871	29.157175	0.003752	7.772134	14
22450.923947	30.763912	0.003764	8.173798	15
22451.986869	29.383961	0.003748	7.838937	16
22453.010906	30.800152	0.003758	8.196028	17
22454.070743	29.177780	0.003736	7.809413	18
22455.094586	30.292891	0.003729	8.122784	19
22456.158994	29.324957	0.003763	7.793715	20
22457.180966	30.285597	0.003743	8.091428	21
22458.247019	29.319929	0.003742	7.835693	22
22459.269581	30.700443	0.003752	8.182831	23
22460.330138	29.225874	0.003753	7.787337	24
22461.356676	30.616726	0.003750	8.164200	25
22462.419242	29.266083	0.003743	7.818396	26
22463.443261	30.586414	0.003752	8.152456	27
22464.503121	28.931803	0.003729	7.759073	28
22465.529087	30.409733	0.003729	8.155393	29
22466.591337	29.318739	0.003752	7.813428	30
22467.613292	30.081167	0.003740	8.042695	31
22468.677103	29.120779	0.003736	7.793934	32
22469.701099	30.301056	0.003739	8.103637	33
22470.766330	29.420633	0.003769	7.806217	34
22471.787196	30.567812	0.003754	8.142459	35
22472.848796	29.104568	0.003739	7.783613	36
22473.878272	30.451860	0.003723	8.180457	37
22474.937443	29.194143	0.003744	7.798440	38
22475.961328	30.430237	0.003741	8.134964	39
22477.023412	29.141249	0.003747	7.777295	40
22478.047378	30.898571	0.003747	8.246840	41
22479.109345	29.151226	0.003740	7.795206	42
22480.133276	30.569435	0.003725	8.206727	43
22481.197452	29.822783	0.003758	7.936190	44
22482.221890	30.678396	0.003747	8.187572	45
22483.282409	29.286074	0.003750	7.808908	46
22484.308470	30.766964	0.003762	8.177303	47
22485.368288	29.021486	0.003738	7.764450	48
22486.393060	30.413643	0.003754	8.102330	49
22487.458407	29.379189	0.003748	7.838627	50
22488.484432	30.627541	0.003728	8.216286	51
22489.542951	29.831028	0.003748	7.959314	52
22490.566958	30.562601	0.003750	8.150846	53
22491.630977	29.608418	0.003789	7.814641	54
22492.652539	30.423592	0.003736	8.142486	55
22493.715527	29.051594	0.003746	7.755514	56
22494.740538	30.855745	0.003769	8.187574	57
22495.803072	29.208845	0.003747	7.794302	58
22496.826849	30.500160	0.003737	8.162205	59
22497.887052	28.985775	0.003744	7.741056	60
22498.915973	30.841778	0.003758	8.207627	61
22499.974344	29.055960	0.003727	7.796484	62
22501.000445	30.512419	0.003737	8.164266	63
22502.062573	29.239107	0.003743	7.812040	64
22503.088625	30.444057	0.003729	8.163434	65
22504.149189	29.615438	0.003760	7.876203	66
22505.173730	30.501738	0.003743	8.149811	67
22506.235350	29.463833	0.003742	7.873928	68
22507.259313	30.576202	0.003744	8.167503	69
22508.319745	29.094055	0.003757	7.743509	70
22509.349137	31.274614	0.003727	8.392447	71
22510.408299	29.303991	0.003766	7.781525	72
22511.434306	30.672171	0.003749	8.182349	73
22512.494066	29.364569	0.003738	7.856145	74
22513.520340	30.646032	0.003737	8.200813	75
22514.580301	29.138384	0.003742	7.786734	76
22515.606315	30.466833	0.003751	8.123347	77
22516.667452	29.205103	0.003742	7.804803	78
22517.692414	30.625198	0.003755	8.156724	79
22518.752367	29.095634	0.003743	7.773082	80
22519.778377	30.344812	0.003729	8.138099	81
22520.840470	29.442430	0.003759	7.832425	82
22521.867001	30.576611	0.003738	8.179617	83
22522.929564	29.460775	0.003749	7.857608	84
22523.952015	30.504770	0.003735	8.166460	85
22525.014149	29.235760	0.003754	7.788812	86
22526.038171	30.726372	0.003750	8.194037	87
22527.100227	29.248573	0.003757	7.785094	88
22528.124123	30.467875	0.003744	8.137585	89
22529.186212	29.299648	0.003756	7.801026	90
22530.212235	30.836845	0.003765	8.190996	91
22531.275131	29.196075	0.003735	7.816349	92
22532.299668	30.572062	0.003756	8.139018	93
22533.359654	29.307703	0.003755	7.804791	94
22534.383636	30.279148	0.003737	8.101887	95
22535.446560	29.378168	0.003753	7.827011	96
22536.470628	30.645798	0.003757	8.157936	97
22537.532595	29.023918	0.003738	7.763646	98
22538.558703	30.459385	0.003742	8.139305	99
22539.617229	29.082235	0.003744	7.767443	100
22540.643267	30.457972	0.003744	8.135440	101
22541.705340	29.428209	0.003759	7.828808	102
22542.731341	30.672512	0.003753	8.173512	103
22543.791589	29.194746	0.003737	7.812805	104
22544.820708	30.590469	0.003733	8.193601	105
22545.877881	29.041939	0.003739	7.768098	106
22546.901877	30.250214	0.003748	8.071483	107
22547.964757	29.245798	0.003747	7.805935	108
22548.988720	30.419752	0.003742	8.129639	109
22550.052225	29.236618	0.003748	7.800829	110
22551.076169	30.568644	0.003744	8.164692	111
22552.138787	29.473305	0.003765	7.828420	112
22553.163755	30.712223	0.003758	8.173382	113
22554.223747	29.093061	0.003739	7.780279	114
22555.249759	30.426651	0.003736	8.143247	115
22556.311843	29.298836	0.003760	7.793086	116
22557.334643	30.431810	0.003742	8.131841	117
22558.398716	29.541561	0.003768	7.841031	118
22559.423637	30.615822	0.003744	8.177293	119
22560.485647	29.486141	0.003765	7.831719	120
22561.509649	30.755114	0.003764	8.170613	121
22562.569513	28.933598	0.003726	7.765424	122
22563.598503	30.996565	0.003730	8.310618	123
22564.657725	29.278500	0.003755	7.796958	124
22565.683733	30.645275	0.003754	8.162765	125
22566.746683	39.410969	0.003740	10.538144	126
22567.770701	30.664392	0.003749	8.179868	127
22568.830446	29.136806	0.003739	7.792864	128
22569.856735	31.043566	0.003741	8.298573	129
22570.917139	29.136238	0.003736	7.798460	130
22571.940955	30.280556	0.003728	8.122101	131
22573.003680	29.210257	0.003745	7.799124	132
22574.027714	30.490992	0.003745	8.141504	133
22575.091786	29.328697	0.003753	7.815066	134
22576.115822	30.547132	0.003744	8.159835	135
22577.175763	29.065895	0.003742	7.766717	136
22578.199762	30.267357	0.003742	8.088872	137
22579.264826	29.315351	0.003740	7.837384	138
22580.286740	30.419874	0.003739	8.135336	139
22581.350872	29.733290	0.003764	7.899688	140
22582.374917	30.572533	0.003743	8.167354	141
22583.436728	29.293045	0.003742	7.828286	142
22584.460734	30.499285	0.003742	8.151569	143
22585.522905	29.184814	0.003750	7.782755	144
22586.546823	30.820684	0.003755	8.208906	145
22587.609404	29.355936	0.003754	7.819592	146
22588.639435	30.708204	0.003744	8.201560	147
22589.693606	29.223570	0.003731	7.833207	148
22590.720014	30.587593	0.003758	8.140157	149
22591.781937	29.217821	0.003742	7.807850	150
22592.805980	30.233345	0.003747	8.068566	151
22593.870074	29.356339	0.003750	7.827811	152
22594.894066	30.640284	0.003751	8.168031	153
22595.953983	29.130289	0.003743	7.781751	154
22596.980095	30.512739	0.003743	8.152945	155
22598.040161	29.239786	0.003754	7.789939	156
22599.070197	30.674721	0.003736	8.210652	157
22600.130748	29.263391	0.003739	7.826348	158
22601.155301	30.849016	0.003776	8.169708	159
22602.216240	29.306059	0.003745	7.826111	160
22603.238659	30.428583	0.003748	8.117559	161
22604.303305	29.371969	0.003751	7.829721	162
22605.325709	30.550463	0.003765	8.113761	163
22606.388234	29.269318	0.003744	7.817873	164
22607.416303	30.596685	0.003727	8.208438	165
22608.472837	28.930849	0.003743	7.730175	166
22609.500833	45.057472	0.003755	12.000309	167
22610.560857	29.283600	0.003755	7.797967	168
22611.586861	30.732498	0.003752	8.190561	169
22612.648932	55.171303	0.003755	14.693335	170
22613.674770	30.616331	0.003731	8.205086	171
22614.733891	29.072578	0.003741	7.771743	172
22615.758258	30.442163	0.003745	8.129428	173
22616.822474	29.395363	0.003757	7.823372	174
22617.846552	30.748882	0.003758	8.182308	175
22618.905795	29.192270	0.003750	7.785589	176
22619.931704	30.443474	0.003737	8.147227	177
22620.993501	29.210726	0.003744	7.802314	178
22622.018570	30.489338	0.003740	8.151980	179
22623.080636	29.138773	0.003750	7.769632	180
22624.106614	30.798075	0.003765	8.179100	181
22625.166595	29.138353	0.003740	7.790969	182
22626.190635	30.440289	0.003749	8.118993	183
22627.256749	29.330317	0.003741	7.839565	184
22628.279277	30.559752	0.003742	8.166590	185
22629.337792	29.109732	0.003749	7.765100	186
22630.363800	30.491850	0.003748	8.134495	187
22631.425476	29.104755	0.003735	7.792880	188
22632.455954	30.706949	0.003740	8.209833	189
22633.514006	29.310162	0.003760	7.796227	190
22634.535980	30.374468	0.003738	8.125523	191
22635.602022	29.453169	0.003755	7.844307	192
22636.628036	30.650526	0.003732	8.213665	193
22637.685995	29.165514	0.003739	7.799876	194
22638.712843	30.548321	0.003731	8.188473	195
22639.776078	29.292328	0.003737	7.839458	196
22640.798110	30.703175	0.003757	8.171687	197
22641.857958	29.114698	0.003742	7.781123	198
22642.886922	30.567400	0.003726	8.203779	199
22643.944168	29.255953	0.003757	7.786783	200
22644.973092	30.616690	0.003739	8.188999	201
22646.034263	29.415495	0.003757	7.828859	202
22647.057810	30.854170	0.003745	8.239784	203
22648.118255	29.159452	0.003743	7.790887	204
22649.142282	30.370214	0.003740	8.120938	205
22650.208341	29.361303	0.003738	7.853875	206
22651.230380	30.817402	0.003767	8.180862	207
22652.290341	29.108528	0.003743	7.777428	208
22653.316347	30.348177	0.003741	8.112354	209
22654.378471	29.164291	0.003755	7.766141	210
22655.406958	30.531790	0.003735	8.174507	211
22656.465495	29.420992	0.003764	7.816623	212
22657.491518	30.745529	0.003748	8.203548	213
22658.551155	28.883043	0.003727	7.750031	214
22659.575284	30.329079	0.003738	8.113997	215
22660.639590	29.488522	0.003763	7.836428	216
22661.665631	30.722376	0.003745	8.203772	217
22662.726255	29.513697	0.003763	7.842269	218
22663.751140	30.570272	0.003742	8.169787	219
22664.809779	29.101622	0.003737	7.786942	220
22665.835913	30.501181	0.003735	8.166080	221
22666.896352	29.192751	0.003743	7.799249	222
22667.923132	30.505608	0.003740	8.157664	223
22668.984382	29.401619	0.003755	7.829967	224
22670.008391	30.792366	0.003771	8.164613	225
22671.070686	29.231649	0.003736	7.824518	226
22672.094369	30.456594	0.003737	8.150430	227
22673.158925	29.206728	0.003743	7.803057	228
22674.180141	30.437653	0.003748	8.120996	229
22675.242327	29.459276	0.003742	7.871890	230
22676.270464	30.505671	0.003730	8.179236	231
22677.328874	29.156942	0.003742	7.790955	232
22678.354861	30.871542	0.003741	8.252880	233
22679.416955	29.350433	0.003754	7.817886	234
22680.442982	31.213530	0.003744	8.336404	235
22681.502926	29.409651	0.003740	7.862596	236
22682.528849	30.464392	0.003741	8.142474	237
22683.589879	29.268925	0.003751	7.803617	238
22684.615974	30.419413	0.003723	8.170671	239
22685.677993	29.475750	0.003764	7.830710	240
22686.702013	30.989195	0.003761	8.239552	241
22687.761871	29.108746	0.003734	7.795983	242
22688.787887	30.542673	0.003742	8.162005	243
22689.847988	29.335848	0.003748	7.827693	244
22690.876053	30.491346	0.003744	8.144876	245
22691.936592	29.354231	0.003753	7.821926	246
22692.962599	30.644819	0.003740	8.194562	247
22694.022458	29.019466	0.003726	7.788025	248
22695.046504	30.262430	0.003738	8.096876	249
22696.110617	29.127817	0.003747	7.774482	250
22697.135489	30.668669	0.003748	8.181724	251
22698.193889	28.856756	0.003728	7.740124	252
22699.219949	30.470524	0.003743	8.141317	253
22700.283996	29.172960	0.003737	7.806567	254
22701.308016	30.716026	0.003757	8.176342	255
22702.367932	29.173758	0.003749	7.782474	0
22703.391930	30.410284	0.003740	8.130709	1
22704.456060	29.412510	0.003760	7.823138	2
22705.480091	30.606258	0.003748	8.165673	3
22706.541997	29.245060	0.003747	7.804391	4
22707.566012	30.546967	0.003762	8.120038	5
22708.628214	29.379778	0.003764	7.805930	6
22709.652182	30.607586	0.003762	8.136555	7
22710.713698	29.144035	0.003743	7.787192	8
22711.739851	30.424549	0.003739	8.137107	9
22712.803253	30.133511	0.003740	8.056652	10
22713.827229	30.881807	0.003780	8.170223	11
22714.887629	29.223839	0.003740	7.813974	12
22715.911659	30.468363	0.003745	8.136713	13
22716.973846	29.227184	0.003749	7.796062	14
22718.000660	30.483103	0.003733	8.166801	15
22719.059311	29.054157	0.003747	7.754932	16
22720.086825	30.634083	0.003749	8.172015	17
22721.147373	30.601778	0.003760	8.138404	18
22722.175841	30.603397	0.003730	8.204971	19
22723.232352	29.297022	0.003768	7.775301	20
22724.260436	30.688787	0.003758	8.167049	21
22725.320447	29.332273	0.003759	7.804040	22
22726.344157	30.710060	0.003741	8.208662	23
22727.406457	29.163752	0.003742	7.793051	24
22728.430516	30.468025	0.003750	8.123895	25
22729.494597	29.454163	0.003763	7.827223	26
22730.520640	30.606340	0.003734	8.197560	27
22731.579627	29.147158	0.003746	7.781780	28
22732.604609	30.677158	0.003750	8.179502	29
22733.667619	29.239279	0.003743	7.812660	30
22734.693674	30.611179	0.003744	8.176691	31
22735.753683	29.395435	0.003758	7.822247	32
22736.781747	30.870991	0.003749	8.233928	33
22737.840282	29.339130	0.003754	7.815797	34
22738.864289	30.698545	0.003765	8.154587	35
22739.926461	29.133167	0.003738	7.794126	36
22740.950499	30.294271	0.003739	8.103224	37
22742.012814	29.065552	0.003725	7.801859	38
22743.036887	30.542980	0.003758	8.127019	39
22744.098907	29.339134	0.003763	7.795995	40
22745.126941	30.572132	0.003735	8.185561	41
22746.185204	29.063751	0.003740	7.771906	42
22747.213537	30.603638	0.003746	8.170015	43
22748.274099	29.384584	0.003758	7.819544	44
22749.298669	30.567339	0.003743	8.166720	45
22750.358601	29.084082	0.003747	7.761725	46
22751.385131	30.674255	0.003748	8.184221	47
22752.451672	29.471668	0.003719	7.923840	48
22753.469955	30.427519	0.003734	8.148504	49
22754.530154	29.038307	0.003742	7.759254	50
22755.559042	31.012865	0.003735	8.304137	51
22756.620235	29.217258	0.003740	7.812863	52
22757.643718	31.056061	0.003773	8.230721	53
22758.706251	74.394188	0.003759	19.792822	54
22759.728165	30.426653	0.003751	8.111829	55
22760.792208	29.316650	0.003754	7.810030	56
22761.816224	30.356573	0.003738	8.121217	57
22762.878437	29.102217	0.003737	7.787211	58
22763.902437	30.625879	0.003748	8.170888	59
22764.962630	29.050804	0.003743	7.760591	60
22765.992718	30.725817	0.003743	8.209431	61
22767.051239	29.420946	0.003763	7.817660	62
22768.077248	30.644396	0.003752	8.167294	63
22769.139781	29.240719	0.003744	7.810215	64
22770.164373	30.532307	0.003745	8.153461	65
22771.226920	29.418123	0.003746	7.852302	66
22772.249029	30.508425	0.003747	8.142748	67
22773.313550	29.290991	0.003739	7.833099	68
22774.337525	30.601875	0.003742	8.177012	69
22775.400069	29.298626	0.003748	7.816930	70
22776.422549	30.563612	0.003751	8.148399	71
22777.482459	29.085096	0.003737	7.782095	72
22778.508519	30.465017	0.003739	8.148258	73
22779.570590	29.349068	0.003756	7.814109	74
22780.596621	30.659115	0.003751	8.173359	75
22781.658653	29.330132	0.003741	7.840258	76
22782.682540	30.387980	0.003740	8.124553	77
22783.742655	29.159777	0.003754	7.766717	78
22784.768694	30.542158	0.003746	8.153063	79
22785.830400	29.126070	0.003747	7.772472	80
22786.855122	30.740219	0.003766	8.162217	81
22787.919169	29.268209	0.003738	7.830068	82
22788.944005	30.633726	0.003738	8.194741	83
22790.003188	28.935699	0.003740	7.736087	84
22791.031239	30.632021	0.003733	8.206327	85
22792.089771	29.271509	0.003751	7.803421	86
22793.116307	30.644962	0.003748	8.176947	87
22794.176861	29.349253	0.003751	7.823944	88
22795.200882	30.640711	0.003753	8.164113	89
22796.262929	29.300877	0.003754	7.804870	90
22797.286812	30.556742	0.003748	8.152482	91
22798.350986	29.490566	0.003761	7.841699	92
22799.375002	30.661888	0.003762	8.150318	93
22800.434605	29.156719	0.003737	7.801314	94
22801.460692	30.579304	0.003748	8.159756	95
22802.523043	29.355528	0.003761	7.806179	96
22803.549015	58.753452	0.003766	15.602121	97
22804.609064	29.619509	0.003769	7.858172	98
22805.633084	30.539942	0.003750	8.144341	99
22806.696006	29.384590	0.003761	7.813777	100
22807.720022	30.666977	0.003758	8.160898	101
22808.781981	29.193426	0.003744	7.796937	102
22809.806008	30.754288	0.003744	8.214198	103
22810.870633	29.299335	0.003746	7.821058	104
22811.895179	30.595695	0.003748	8.164284	105
22812.953633	29.010969	0.003732	7.772785	106
22813.979696	30.453552	0.003743	8.135068	107
22815.041752	29.359947	0.003759	7.809746	108
22816.065814	30.526571	0.003746	8.149249	109
22817.127766	29.087559	0.003743	7.771587	110
22818.153880	30.777189	0.003759	8.186906	111
22819.214793	29.094170	0.003735	7.790138	112
22820.238807	30.593733	0.003751	8.157163	113
22821.301048	29.196533	0.003760	7.764923	114
22822.325426	30.427959	0.003741	8.134336	115
22823.387556	29.401657	0.003761	7.817561	116
22824.415609	30.710569	0.003738	8.215122	117
22825.474141	29.119091	0.003737	7.792207	118
22826.500129	30.719040	0.003756	8.179209	119
22827.562156	29.258490	0.003744	7.815368	120
22828.584120	30.241041	0.003742	8.082491	121
22829.647028	29.838676	0.003746	7.965084	122
22830.671009	30.425234	0.003739	8.136190	123
22831.735112	29.385050	0.003756	7.824004	124
22832.759200	30.674156	0.003755	8.168318	125
22833.818966	29.047092	0.003737	7.773088	126
22834.845089	31.097258	0.003741	8.312709	127
22835.907268	29.435720	0.003764	7.820297	128
22836.935324	30.423395	0.003724	8.170203	129
22837.995877	29.346165	0.003740	7.845530	130
22839.019908	30.825109	0.003765	8.188013	131
22840.079765	29.074064	0.003739	7.776139	132
22841.103725	30.578754	0.003728	8.202457	133
22842.167964	29.294790	0.003750	7.812913	134
22843.191973	30.663103	0.003756	8.163371	135
22844.251591	29.373610	0.003742	7.850170	136
22845.279990	30.842134	0.003762	8.198480	137
22846.338379	29.103113	0.003749	7.762912	138
22847.367006	30.599962	0.003740	8.182353	139
22848.424892	29.140068	0.003742	7.786777	140
22849.450938	30.486063	0.003746	8.139167	141
22850.517924	29.227272	0.003728	7.840252	142
22851.538338	30.493649	0.003745	8.143370	143
22852.600497	29.145164	0.003735	7.802349	144
22853.625880	30.574615	0.003730	8.197859	145
22854.687118	29.513514	0.003769	7.830125	146
22855.711104	31.000732	0.003750	8.266286	147
22856.770985	29.072365	0.003737	7.780220	148
22857.799136	30.660671	0.003742	8.193072	149
22858.857575	29.280125	0.003732	7.845495	150
22859.883650	30.246418	0.003740	8.086207	151
22860.945745	29.270477	0.003761	7.781856	152
22861.971776	30.764328	0.003760	8.182154	153
22863.031705	29.168470	0.003742	7.795494	154
22864.055643	30.290958	0.003727	8.128407	155
22865.117805	29.136271	0.003752	7.765883	156
22866.139338	30.181288	0.003743	8.064304	157
22867.206612	29.549803	0.003768	7.842130	158
22868.232664	30.579357	0.003732	8.194827	159
22869.290455	29.175280	0.003746	7.787611	160
22870.316494	30.495047	0.003745	8.142934	161
22871.380703	29.343357	0.003742	7.840655	162
22872.402675	30.489231	0.003746	8.139319	163
22873.463764	29.110682	0.003738	7.787279	164
22874.488843	30.577480	0.003751	8.150942	165
22875.550803	29.451725	0.003738	7.878603	166
22876.576906	30.490177	0.003740	8.151394	167
22877.639443	29.266079	0.003741	7.822321	168
22878.661411	30.446819	0.003743	8.133713	169
22879.721089	28.906437	0.003730	7.748919	170
22880.748900	30.436054	0.003750	8.117326	171
22881.809429	29.459166	0.003746	7.864913	172
22882.837495	30.585947	0.003741	8.176184	173
22883.897495	29.290964	0.003751	7.809567	174
22884.923511	30.717121	0.003753	8.185748	175
22885.983711	29.194101	0.003743	7.799627	176
22887.007718	30.476320	0.003746	8.135122	177
22888.070500	29.433294	0.003738	7.873207	178
22889.094503	30.444996	0.003741	8.137888	179
22890.158629	29.461887	0.003764	7.827377	180
22891.182666	30.522087	0.003733	8.176857	181
22892.243186	29.348631	0.003764	7.796847	182
22893.269186	30.590269	0.003749	8.159170	183
22894.330123	29.467955	0.003770	7.815795	184
22895.358664	30.612106	0.003732	8.203544	185
24595.889484	30.659399	0.003744	8.188834	23
24596.949492	29.361444	0.003770	7.787783	24
24597.975875	30.646591	0.003750	8.172607	25
24599.038025	29.247181	0.003742	7.815678	26
24600.060900	30.582069	0.003749	8.157079	27
24601.122984	29.688507	0.003757	7.903142	28
24602.149005	30.629025	0.003757	8.151875	29
24603.208951	29.242550	0.003742	7.814995	30
24604.234975	30.611563	0.003751	8.161819	31
24605.297082	29.417006	0.003762	7.819062	32
24606.321141	31.904648	0.003761	8.483117	33
24607.380808	28.626122	0.003731	7.672353	34
24608.409129	30.554398	0.003742	8.165738	35
24609.467559	29.010466	0.003736	7.765386	36
24610.495539	30.449020	0.003741	8.138443	37
24611.554523	28.605349	0.003731	7.667186	38
24612.580591	30.579060	0.003743	8.169698	39
24613.642736	29.270752	0.003762	7.780151	40
24614.666762	30.518198	0.003769	8.096502	41
24615.726558	29.078598	0.003747	7.759565	42
24616.754766	30.660408	0.003765	8.143594	43
24617.815250	30.030907	0.003751	8.005734	44
24618.841323	30.493448	0.003755	8.120656	45
24619.901833	29.087811	0.003747	7.762500	46
24620.923818	30.370338	0.003751	8.096777	47
24621.987875	29.090368	0.003755	7.746456	48
24623.013889	30.697491	0.003756	8.172044	49
24624.073817	29.089069	0.003755	7.746110	50
24625.101900	30.600605	0.003752	8.156701	51
24626.160363	29.259394	0.003756	7.789058	52
24627.190420	30.652472	0.003738	8.200456	53
24628.246963	29.257084	0.003769	7.761909	54
24629.272981	30.597151	0.003768	8.121248	55
24630.332849	29.079819	0.003749	7.755691	56
24631.363030	30.736767	0.003749	8.199524	57
24632.421505	29.178999	0.003745	7.792438	58
24633.446391	30.355001	0.003734	8.129798	59
24634.507607	29.489422	0.003770	7.822904	60
24635.532444	30.587971	0.003746	8.165485	61
24636.593011	29.056187	0.003756	7.736935	62
24637.623089	30.540026	0.003733	8.181488	63
24638.679065	29.259825	0.003765	7.771791	64
24639.705085	30.554598	0.003767	8.111251	65
24640.766005	29.017359	0.003738	7.762186	66
24641.791445	30.402925	0.003748	8.111654	67
24642.853642	29.183144	0.003753	7.776318	68
24643.879669	30.456820	0.003749	8.124939	69
24644.942255	29.261127	0.003747	7.810249	70
24645.966373	30.640602	0.003781	8.104319	71
24647.026162	29.010061	0.003742	7.751946	72
24648.052851	30.763390	0.003752	8.198950	73
24649.112779	29.017370	0.003747	7.743410	74
24650.137059	30.300129	0.003741	8.099012	75
24651.199334	29.255352	0.003769	7.761522	76
24652.225309	30.637590	0.003747	8.177203	77
24653.290263	29.438459	0.003754	7.841000	78
24654.312276	30.602566	0.003759	8.140878	79
24655.372341	29.361448	0.003752	7.824570	80
24656.396331	30.791504	0.003755	8.199529	81
24657.458311	29.350828	0.003755	7.816792	82
24658.486462	30.681576	0.003746	8.190997	83
24659.546417	29.168877	0.003743	7.792243	84
24660.570918	30.624254	0.003748	8.171286	85
24661.631546	29.179081	0.003759	7.762679	86
24662.659629	34.397160	0.003754	9.161739	87
24663.717375	30.023907	0.003745	8.017488	88
24664.743381	30.412952	0.003737	8.139156	89
24665.805682	29.258911	0.003744	7.814297	90
24666.831753	30.642042	0.003749	8.172881	91
24667.892324	29.385424	0.003765	7.804674	92
24668.920342	29.949673	0.003740	8.007272	93
24669.978883	29.233988	0.003758	7.778661	94
24671.004870	30.563114	0.003757	8.134755	95
24672.063801	29.065765	0.003744	7.763135	96
24673.091816	30.607109	0.003756	8.147829	97
24674.149726	29.056860	0.003746	7.757507	98
24675.179866	30.547359	0.003751	8.143990	99
24676.238365	29.217575	0.003765	7.759875	100
24677.264832	30.719906	0.003743	8.207677	101
24678.328814	29.329411	0.003737	7.849028	102
24679.350828	30.461884	0.003757	8.108595	103
24680.412811	29.294970	0.003752	7.808772	104
24681.437353	30.778461	0.003761	8.184485	105
24682.499447	29.193930	0.003749	7.786345	106
24683.525455	30.702892	0.003760	8.164679	107
24684.584232	29.114021	0.003738	7.789446	108
24685.608222	30.248211	0.003739	8.089600	109
24686.670388	29.245167	0.003751	7.795662	110
24687.691823	30.081518	0.003751	8.019909	111
24688.759180	29.578512	0.003769	7.847351	112
24689.783188	30.595766	0.003762	8.132167	113
24690.845218	29.262518	0.003747	7.808643	114
24691.867751	30.413137	0.003753	8.104682	115
24692.931706	29.148464	0.003743	7.787528	116
24693.955745	30.675367	0.003745	8.190269	117
24695.017818	29.273708	0.003757	7.791894	118
24696.043827	30.659603	0.003762	8.149672	119
24697.103751	29.170542	0.003739	7.800666	120
24698.129342	30.205828	0.003748	8.059068	121
24699.189932	29.207754	0.003765	7.757321	122
24700.214347	30.516785	0.003749	8.140781	123
24701.278437	29.429476	0.003771	7.803553	124
24702.304906	30.536400	0.003729	8.187982	125
24703.365489	29.247717	0.003743	7.814452	126
24704.389514	30.550350	0.003760	8.125608	127
24705.449400	29.200735	0.003745	7.798279	128
24706.475470	30.531721	0.003745	8.152129	129
