crossing time (s)	slope (V/s)	crossing number
281474976710655.000000	4.827006	5427	20351870976.000000
281474976710655.000000	5.095034	5428	20352933888.000000
281474976710655.000000	4.807770	5429	20353957888.000000
281474976710655.000000	4.846923	5430	20355020800.000000
281474976710655.000000	4.898133	5431	20356044800.000000
281474976710655.000000	4.878114	5432	20357107712.000000
281474976710655.000000	4.855525	5433	20358131712.000000
281474976710655.000000	4.847622	5434	20359192576.000000
281474976710655.000000	4.785976	5435	20360218624.000000
281474976710655.000000	5.055190	5436	20361279488.000000
281474976710655.000000	4.921375	5437	20362305536.000000
281474976710655.000000	4.944998	5438	20363366400.000000
281474976710655.000000	4.821896	5439	20364390400.000000
281474976710655.000000	4.901102	5440	20365453312.000000
281474976710655.000000	4.735660	5441	20366477312.000000
281474976710655.000000	4.957435	5442	20367540224.000000
281474976710655.000000	4.947748	5443	20368564224.000000
281474976710655.000000	4.895048	5444	20369623040.000000
281474976710655.000000	4.735064	5445	20370651136.000000
281474976710655.000000	5.031011	5446	20371712000.000000
281474976710655.000000	4.844242	5447	20372738048.000000
281474976710655.000000	5.112776	5448	20373798912.000000
281474976710655.000000	4.963065	5449	20374822912.000000
281474976710655.000000	4.071352	5450	20375883776.000000
281474976710655.000000	4.846149	5451	20376911872.000000
281474976710655.000000	4.955002	5452	20377972736.000000
281474976710655.000000	4.678323	5453	20378996736.000000
281474976710655.000000	4.902615	5454	20380059648.000000
281474976710655.000000	4.904770	5455	20381083648.000000
281474976710655.000000	5.028594	5456	20382144512.000000
281474976710655.000000	4.757194	5457	20383168512.000000
281474976710655.000000	4.821501	5458	20384231424.000000
281474976710655.000000	4.826072	5459	20385257472.000000
281474976710655.000000	5.112215	5460	20386318336.000000
281474976710655.000000	4.913815	5461	20387342336.000000
281474976710655.000000	4.973342	5462	20388405248.000000
281474976710655.000000	4.925244	5463	20389429248.000000
281474976710655.000000	4.968829	5464	20390492160.000000
281474976710655.000000	4.951322	5465	20391516160.000000
281474976710655.000000	4.846083	5466	20392579072.000000
281474976710655.000000	5.107360	5467	20393603072.000000
281474976710655.000000	4.902941	5468	20394663936.000000
281474976710655.000000	4.776228	5469	20395687936.000000
281474976710655.000000	4.884174	5470	20396750848.000000
281474976710655.000000	4.838876	5471	20397774848.000000
281474976710655.000000	5.003069	5472	20398837760.000000
281474976710655.000000	4.879712	5473	20399861760.000000
281474976710655.000000	4.919844	5474	20400924672.000000
281474976710655.000000	4.842840	5475	20401948672.000000
281474976710655.000000	5.031484	5476	20403011584.000000
281474976710655.000000	4.876143	5477	20404035584.000000
281474976710655.000000	4.960407	5478	20405096448.000000
281474976710655.000000	4.906094	5479	20406120448.000000
281474976710655.000000	4.961020	5480	20407183360.000000
281474976710655.000000	4.851917	5481	20408207360.000000
281474976710655.000000	5.042443	5482	20409270272.000000
281474976710655.000000	4.945526	5483	20410294272.000000
281474976710655.000000	4.975507	5484	20411357184.000000
281474976710655.000000	5.127871	5485	20412381184.000000
281474976710655.000000	4.878279	5486	20413444096.000000
281474976710655.000000	4.963888	5487	20414466048.000000
281474976710655.000000	4.758407	5488	20415531008.000000
281474976710655.000000	4.935608	5489	20416552960.000000
281474976710655.000000	4.822382	5490	20417615872.000000
281474976710655.000000	4.984697	5491	20418639872.000000
281474976710655.000000	5.010624	5492	20419702784.000000
281474976710655.000000	4.979136	5493	20420726784.000000
281474976710655.000000	4.841578	5494	20421789696.000000
281474976710655.000000	4.889705	5495	20422813696.000000
281474976710655.000000	4.934031	5496	20423876608.000000
281474976710655.000000	4.932568	5497	20424900608.000000
281474976710655.000000	4.963014	5498	20425961472.000000
281474976710655.000000	4.734465	5499	20426987520.000000
281474976710655.000000	4.776741	5500	20428048384.000000
281474976710655.000000	4.788486	5501	20429074432.000000
281474976710655.000000	4.859679	5502	20430135296.000000
281474976710655.000000	4.869955	5503	20431159296.000000
281474976710655.000000	5.000682	5504	20432222208.000000
281474976710655.000000	4.972748	5505	20433246208.000000
281474976710655.000000	4.823663	5506	20434309120.000000
281474976710655.000000	4.969401	5507	20435333120.000000
281474976710655.000000	4.842495	5508	20436396032.000000
281474976710655.000000	5.013592	5509	20437420032.000000
281474976710655.000000	4.939847	5510	20438480896.000000
281474976710655.000000	4.869131	5511	20439504896.000000
281474976710655.000000	4.942307	5512	20440567808.000000
281474976710655.000000	4.862102	5513	20441591808.000000
281474976710655.000000	4.813941	5514	20442654720.000000
281474976710655.000000	4.888667	5515	20443678720.000000
281474976710655.000000	4.825806	5516	20444741632.000000
281474976710655.000000	4.925275	5517	20445765632.000000
281474976710655.000000	4.802677	5518	20446828544.000000
281474976710655.000000	4.891965	5519	20447852544.000000
281474976710655.000000	4.936427	5520	20448913408.000000
281474976710655.000000	4.780154	5521	20449939456.000000
281474976710655.000000	5.000792	5522	20451000320.000000
281474976710655.000000	4.808248	5523	20452026368.000000
281474976710655.000000	4.969003	5524	20453087232.000000
281474976710655.000000	4.996129	5525	20454113280.000000
281474976710655.000000	4.983000	5526	20455172096.000000
281474976710655.000000	4.804602	5527	20456200192.000000
281474976710655.000000	4.977451	5528	20457259008.000000
281474976710655.000000	4.854385	5529	20458285056.000000
281474976710655.000000	4.943631	5530	20459345920.000000
281474976710655.000000	4.953803	5531	20460369920.000000
281474976710655.000000	4.947544	5532	20461432832.000000
281474976710655.000000	4.793723	5533	20462456832.000000
281474976710655.000000	4.986020	5534	20463519744.000000
281474976710655.000000	4.752991	5535	20464543744.000000
281474976710655.000000	4.875802	5536	20465606656.000000
281474976710655.000000	4.805570	5537	20466630656.000000
281474976710655.000000	4.895306	5538	20467693568.000000
281474976710655.000000	4.857551	5539	20468717568.000000
281474976710655.000000	4.873044	5540	20469778432.000000
281474976710655.000000	4.898366	5541	20470804480.000000
281474976710655.000000	4.896062	5542	20471865344.000000
281474976710655.000000	4.857243	5543	20472891392.000000
281474976710655.000000	4.914927	5544	20473952256.000000
281474976710655.000000	4.889492	5545	20474976256.000000
281474976710655.000000	5.078173	5546	20476039168.000000
281474976710655.000000	4.832405	5547	20477063168.000000
281474976710655.000000	4.995593	5548	20478126080.000000
281474976710655.000000	4.859412	5549	20479150080.000000
281474976710655.000000	4.860829	5550	20480212992.000000
281474976710655.000000	4.948638	5551	20481236992.000000
281474976710655.000000	4.867987	5552	20482297856.000000
281474976710655.000000	4.898458	5553	20483321856.000000
281474976710655.000000	4.772961	5554	20484384768.000000
281474976710655.000000	4.844955	5555	20485408768.000000
281474976710655.000000	4.785682	5556	20486471680.000000
281474976710655.000000	4.936371	5557	20487495680.000000
281474976710655.000000	4.813741	5558	20488558592.000000
281474976710655.000000	4.827725	5559	20489582592.000000
281474976710655.000000	4.970479	5560	20490645504.000000
281474976710655.000000	4.906188	5561	20491669504.000000
281474976710655.000000	4.935985	5562	20492730368.000000
281474976710655.000000	4.921171	5563	20493756416.000000
281474976710655.000000	4.886169	5564	20494817280.000000
281474976710655.000000	4.768003	5565	20495841280.000000
281474976710655.000000	4.820607	5566	20496904192.000000
281474976710655.000000	4.969775	5567	20497928192.000000
281474976710655.000000	4.984364	5568	20498991104.000000
281474976710655.000000	4.725739	5569	20500015104.000000
281474976710655.000000	5.014199	5570	20501078016.000000
281474976710655.000000	4.901922	5571	20502102016.000000
281474976710655.000000	4.882220	5572	20503162880.000000
281474976710655.000000	4.881754	5573	20504188928.000000
281474976710655.000000	4.802338	5574	20505249792.000000
281474976710655.000000	4.835988	5575	20506273792.000000
281474976710655.000000	4.896046	5576	20507336704.000000
281474976710655.000000	4.813541	5577	20508360704.000000
281474976710655.000000	4.901274	5578	20509423616.000000
281474976710655.000000	4.778005	5579	20510447616.000000
281474976710655.000000	4.800333	5580	20511510528.000000
281474976710655.000000	4.911165	5581	20512534528.000000
281474976710655.000000	4.847866	5582	20513595392.000000
281474976710655.000000	4.945939	5583	20514621440.000000
281474976710655.000000	4.933926	5584	20515682304.000000
281474976710655.000000	4.774101	5585	20516706304.000000
281474976710655.000000	4.904124	5586	20517769216.000000
281474976710655.000000	5.017579	5587	20518795264.000000
281474976710655.000000	4.762823	5588	20519856128.000000
281474976710655.000000	4.765839	5589	20520880128.000000
281474976710655.000000	4.985397	5590	20521943040.000000
281474976710655.000000	4.811589	5591	20522967040.000000
281474976710655.000000	4.810389	5592	20524029952.000000
281474976710655.000000	4.869900	5593	20525053952.000000
281474976710655.000000	4.818628	5594	20526114816.000000
281474976710655.000000	4.829598	5595	20527140864.000000
281474976710655.000000	4.910154	5596	20528201728.000000
281474976710655.000000	4.917251	5597	20529225728.000000
281474976710655.000000	4.942446	5598	20530288640.000000
281474976710655.000000	4.914277	5599	20531312640.000000
281474976710655.000000	5.050118	5600	20532375552.000000
281474976710655.000000	4.885235	5601	20533399552.000000
281474976710655.000000	4.922475	5602	20534462464.000000
281474976710655.000000	4.813197	5603	20535486464.000000
281474976710655.000000	4.903929	5604	20536549376.000000
281474976710655.000000	4.851992	5605	20537571328.000000
281474976710655.000000	4.959622	5606	20538634240.000000
281474976710655.000000	4.925700	5607	20539658240.000000
281474976710655.000000	4.962017	5608	20540721152.000000
281474976710655.000000	4.765946	5609	20541745152.000000
281474976710655.000000	4.918672	5610	20542808064.000000
281474976710655.000000	4.825858	5611	20543832064.000000
281474976710655.000000	4.769241	5612	20544894976.000000
281474976710655.000000	4.909083	5613	20545918976.000000
281474976710655.000000	5.019567	5614	20546979840.000000
281474976710655.000000	4.910365	5615	20548005888.000000
281474976710655.000000	4.960845	5616	20549066752.000000
281474976710655.000000	4.935071	5617	20550090752.000000
281474976710655.000000	4.916979	5618	20551153664.000000
281474976710655.000000	4.774117	5619	20552177664.000000
281474976710655.000000	5.018507	5620	20553240576.000000
281474976710655.000000	5.018693	5621	20554264576.000000
281474976710655.000000	5.017776	5622	20555327488.000000
281474976710655.000000	4.888471	5623	20556351488.000000
281474976710655.000000	4.901210	5624	20557414400.000000
281474976710655.000000	4.993502	5625	20558438400.000000
281474976710655.000000	4.991538	5626	20559499264.000000
281474976710655.000000	4.744151	5627	20560523264.000000
281474976710655.000000	4.871641	5628	20561586176.000000
281474976710655.000000	4.873919	5629	20562610176.000000
281474976710655.000000	4.854864	5630	20563673088.000000
281474976710655.000000	4.885562	5631	20564697088.000000
281474976710655.000000	4.950163	5632	20565760000.000000
281474976710655.000000	4.987867	5633	20566784000.000000
281474976710655.000000	5.059668	5634	20567846912.000000
281474976710655.000000	4.771602	5635	20568870912.000000
281474976710655.000000	4.753553	5636	20569931776.000000
281474976710655.000000	4.823848	5637	20570957824.000000
281474976710655.000000	4.982004	5638	20572018688.000000
281474976710655.000000	4.893047	5639	20573042688.000000
281474976710655.000000	4.934205	5640	20574105600.000000
281474976710655.000000	5.015390	5641	20575129600.000000
281474976710655.000000	4.960742	5642	20576192512.000000
281474976710655.000000	4.860977	5643	20577216512.000000
281474976710655.000000	4.902759	5644	20578279424.000000
281474976710655.000000	4.889583	5645	20579303424.000000
281474976710655.000000	4.938893	5646	20580364288.000000
281474976710655.000000	4.842719	5647	20581390336.000000
281474976710655.000000	4.901018	5648	20582451200.000000
281474976710655.000000	4.770647	5649	20583475200.000000
281474976710655.000000	5.024235	5650	20584538112.000000
281474976710655.000000	4.900129	5651	20585562112.000000
281474976710655.000000	5.020635	5652	20586625024.000000
281474976710655.000000	4.825167	5653	20587649024.000000
281474976710655.000000	4.899106	5654	20588711936.000000
281474976710655.000000	4.833423	5655	20589735936.000000
281474976710655.000000	5.033877	5656	20590796800.000000
281474976710655.000000	4.885025	5657	20591822848.000000
281474976710655.000000	4.921765	5658	20592883712.000000
281474976710655.000000	4.888367	5659	20593909760.000000
281474976710655.000000	4.922297	5660	20594970624.000000
281474976710655.000000	4.796964	5661	20595994624.000000
281474976710655.000000	4.785110	5662	20597057536.000000
281474976710655.000000	4.931063	5663	20598081536.000000
281474976710655.000000	4.951531	5664	20599144448.000000
281474976710655.000000	4.970767	5665	20600168448.000000
281474976710655.000000	5.051525	5666	20601231360.000000
281474976710655.000000	4.906964	5667	20602255360.000000
281474976710655.000000	4.850606	5668	20603316224.000000
281474976710655.000000	4.877918	5669	20604342272.000000
281474976710655.000000	5.016365	5670	20605403136.000000
281474976710655.000000	4.909533	5671	20606427136.000000
281474976710655.000000	4.848223	5672	20607490048.000000
281474976710655.000000	4.873296	5673	20608514048.000000
281474976710655.000000	4.907786	5674	20609576960.000000
281474976710655.000000	4.944332	5675	20610600960.000000
281474976710655.000000	4.892357	5676	20611663872.000000
281474976710655.000000	4.912707	5677	20612687872.000000
281474976710655.000000	4.995052	5678	20613748736.000000
281474976710655.000000	4.848940	5679	20614772736.000000
281474976710655.000000	4.972458	5680	20615835648.000000
281474976710655.000000	4.769685	5681	20616859648.000000
281474976710655.000000	4.980864	5682	20617922560.000000
281474976710655.000000	4.763845	5683	20618946560.000000
281474976710655.000000	4.935746	5684	20620009472.000000
281474976710655.000000	4.766960	5685	20621033472.000000
281474976710655.000000	4.924735	5686	20622096384.000000
281474976710655.000000	4.758797	5687	20623120384.000000
281474976710655.000000	4.821657	5688	20624183296.000000
281474976710655.000000	5.055216	5689	20625207296.000000
281474976710655.000000	4.960891	5690	20626268160.000000
281474976710655.000000	4.864661	5691	20627294208.000000
281474976710655.000000	4.890358	5692	20628355072.000000
281474976710655.000000	4.828974	5693	20629379072.000000
281474976710655.000000	4.916525	5694	20630441984.000000
281474976710655.000000	4.805790	5695	20631465984.000000
281474976710655.000000	5.024652	5696	20632528896.000000
281474976710655.000000	4.898624	5697	20633552896.000000
281474976710655.000000	4.884490	5698	20634615808.000000
281474976710655.000000	4.721052	5699	20635639808.000000
281474976710655.000000	4.844659	5700	20636700672.000000
281474976710655.000000	4.845942	5701	20637724672.000000
281474976710655.000000	4.852017	5702	20638787584.000000
281474976710655.000000	4.741271	5703	20639811584.000000
281474976710655.000000	4.978705	5704	20640874496.000000
281474976710655.000000	4.782513	5705	20641898496.000000
281474976710655.000000	4.942533	5706	20642961408.000000
281474976710655.000000	4.726030	5707	20643985408.000000
281474976710655.000000	5.015539	5708	20645046272.000000
281474976710655.000000	5.004352	5709	20646072320.000000
281474976710655.000000	4.955515	5710	20647133184.000000
281474976710655.000000	4.810592	5711	20648157184.000000
281474976710655.000000	4.930122	5712	20649220096.000000
281474976710655.000000	4.828065	5713	20650244096.000000
281474976710655.000000	4.836409	5714	20651307008.000000
281474976710655.000000	4.780100	5715	20652331008.000000
281474976710655.000000	4.984187	5716	20653393920.000000
281474976710655.000000	4.796902	5717	20654417920.000000
281474976710655.000000	4.944521	5718	20655480832.000000
281474976710655.000000	4.891186	5719	20656504832.000000
281474976710655.000000	5.070786	5720	20657565696.000000
281474976710655.000000	4.941646	5721	20658589696.000000
281474976710655.000000	4.986208	5722	20659652608.000000
281474976710655.000000	4.884175	5723	20660676608.000000
281474976710655.000000	5.048376	5724	20661739520.000000
281474976710655.000000	4.823064	5725	20662763520.000000
281474976710655.000000	4.918217	5726	20663826432.000000
281474976710655.000000	4.751988	5727	20664850432.000000
281474976710655.000000	5.040791	5728	20665913344.000000
281474976710655.000000	4.838689	5729	20666937344.000000
281474976710655.000000	4.803690	5730	20667998208.000000
281474976710655.000000	4.723142	5731	20669024256.000000
281474976710655.000000	4.894664	5732	20670085120.000000
281474976710655.000000	4.846909	5733	20671109120.000000
281474976710655.000000	4.899692	5734	20672172032.000000
281474976710655.000000	4.838117	5735	20673196032.000000
281474976710655.000000	4.726877	5736	20674258944.000000
281474976710655.000000	4.688172	5737	20675282944.000000
281474976710655.000000	4.783526	5738	20676345856.000000
281474976710655.000000	4.762070	5739	20677369856.000000
281474976710655.000000	4.961823	5740	20678430720.000000
281474976710655.000000	4.950089	5741	20679456768.000000
281474976710655.000000	4.759868	5742	20680517632.000000
281474976710655.000000	4.750095	5743	20681541632.000000
281474976710655.000000	4.762938	5744	20682604544.000000
281474976710655.000000	4.783383	5745	20683628544.000000
281474976710655.000000	4.970723	5746	20684691456.000000
281474976710655.000000	4.895065	5747	20685715456.000000
281474976710655.000000	4.982943	5748	20686778368.000000
281474976710655.000000	4.963264	5749	20687802368.000000
281474976710655.000000	4.852195	5750	20688865280.000000
281474976710655.000000	4.952424	5751	20689889280.000000
281474976710655.000000	5.049585	5752	20690950144.000000
281474976710655.000000	4.969417	5753	20691974144.000000
281474976710655.000000	4.893888	5754	20693037056.000000
281474976710655.000000	4.737506	5755	20694061056.000000
281474976710655.000000	5.007900	5756	20695123968.000000
281474976710655.000000	5.005937	5757	20696147968.000000
281474976710655.000000	4.891597	5758	20697210880.000000
281474976710655.000000	4.843046	5759	20698234880.000000
281474976710655.000000	4.889798	5760	20699295744.000000
281474976710655.000000	4.929353	5761	20700321792.000000
281474976710655.000000	4.963304	5762	20701384704.000000
281474976710655.000000	4.858237	5763	20702408704.000000
281474976710655.000000	4.867756	5764	20703469568.000000
281474976710655.000000	4.758211	5765	20704493568.000000
281474976710655.000000	4.928593	5766	20705556480.000000
281474976710655.000000	4.789305	5767	20706580480.000000
281474976710655.000000	4.914393	5768	20707643392.000000
281474976710655.000000	4.819339	5769	20708667392.000000
281474976710655.000000	4.810188	5770	20709730304.000000
281474976710655.000000	4.852618	5771	20710754304.000000
